42	11	1	16	14	2	27	4	13	13	8	16	5	19	4	1	15	19	9	8	34	5	3	8	6	13	1	3	23	2	6	30	1	7	2	15	2	6	12	2	53	9	1	12	25	1	8	3	9	10	17	3	21	13	3	27	8	11	4	337	186	64
3	1	1	2	3	1	9	5	5	2	13	2	2	4	3	3	9
157
154	16
111	9	7	18	467	45
1	50	51	3
27
121
720	267	469	321	221	232	94	335	130
453	1888
1	2	33	4	13	10	36	6	93	132
1	13	21	29	13	11	32	259
28
1	7
28	8	45	10	23	60
15	2	182	5	18	12	57	358
97
18	1	3
431	20	338
147
33	1	11	3	7	6	12	25	10	26	20	26	4	3	24	4	31	18
1
35	5	21
2	12	6	19	23	85	8	16	4	45	3	21	17	31	32
148	25	313
34	359	40	231	17
5	19	31	74	9	23	49	6	3	5	58
134	2	227	3	314
2
340
104	7	11	26	33	170	58
10
99	57	3	2	6	27	15	253	1	75	1	7	1	41	11	1	35	8	87	46	11	8	15	246	13	50	27	41
76	8	12	65
112
113	126	9	402	28	43
215	98
4	24	21	10	194	233	492
4	144	25	64	74	46	6	25	19	16	41	99	6
60	70
142	87	63	21
6	435	18
17	121	131	276	86
2
21	49	24	15	5	17	40	161	279
78	54	11	172
43	110	35	19	18	119
18
17	251	98	1	2	2	2	13	12	14	46	43	60	8	13	186	39	69	41	82
10	11	14	53	4	6	10	35	68	1	1	7	5	7	88	15	200	58
471	301	252	732	1	3	1	16	11	39	28	1	37	38	30	5	7	36	16	3	3	25	8	21	2	69	1	15	8	49	4	332
21	11	2	149	256	177	92
41	3	3	6	11	3	5	3	13	2	4	3	9	3	9	24	13
22	23	1	6
17	8	29	4	18	4	32	18	202	65
367	2
87	19	38	110	42
28	33
33	101	217
236	1	620	1	15	391
337	71	287	129	271
73
41	39	99	70
243	373
28	176	20	93
50	12
15	6	14	1	10	18	2	6	25	9	13	10	5	3	6	1	8	1	29	1	8	7	8	5	8	1	6	2	24	19	8	58	10	52	18	4	7	5	19	3	12	6	1	18	10	10	11	3	30	6	14	1
14	44
20
2	12	3	1	16	4	16	12	265	90	69	204	2	15	11	27	25	20	16
167	232	3	4
4	16	4	6	11	7	22	26	3	12	8	6	8	35	44	54
269
12	28	22	29	7	7	17	1	9	45	10	350	27	10	309
20	12	163	60	114	254	73	25	35	57	154	342
29	3
167
24	101	6	1	109
504	41
11	43	15	62
1
26
64
51	38	105	26	35	131	32	49	88	40
23	280	13
101	104	36	14	4
14	21	8	8	4	26	101	78
3	1	50	53
30	197	260	133
4
5	2	8	8	27	3	22	86	3	221	135	1	1	1	4	5	6	7	27
13	126	1	9	72	3	234
6
157	20
2433	1	1	5	3	9	4	7	27	7	98	4	4	9	9	1	1	2	1	4	5	2	2	3	3	17	30	8	14	6	12	6	18	12	7	2	4	15	5	8	13	4	7	2	7	1	8	1	6	9	14	22	20	33	1	11	14	4	8	8	15	2	3	2	1	15	3	8	39	3	3	2	62	10	1	13	64	7
21	37	1	102
273	91
61	1	95	57	88	195	25	110	107	104	47	209	46	14
16	8	58	62	287	238
107	183	66	109	219	21	49	126	34	42	3	9	5	3	8	5	3	6	18	1	24	113	8	67	112	9	21	40
18	13
67	39	170	15
517
19
924	106	126
15	16	16
40	131	143	96	348	83
10	27	15	7	44	38	178	43	1
39	227
2408	192	48	41	9	14	45	74	18	14	136	33
16	6	3	1	7	18	6	9	4	4	11	21	1	27	15	24	2	1	7	21	2	33	24	135	12	66
24	130	23	1	75	67	9	40	50	25	8	35	9	14	95	41	50	17	37	40	46	39	7	39	15	226	203
1	196	61
25	396	109
73
48	259	310
4	46	22	5	9	4	1	18	25	17	9	7	12	4	6	5	2	23	12	23	8	38	2	4	53	26	1	15	1	17	91	15	71	14	69	1	2	13	10	7	5	19	2	5	1	1	2	1	3	5	10	51	7	11	3	30	50	89	159
30	17	363
64
39	2	25	12	33	25	74	5	25	2	36	83	24	5	30	247	31	54	116
149	270
11	10	22	24	4	31	210	4	32	5	34	23	40	69	309	13	205
21	1	2	6	24
165	59
3	565	506
21	31
1	45	62	3	27	22
35	22	33	1	1	13	1	1	12	1	1	1	1	11	9	3	2	4	3	174
347	56	13	20	121
95	34
56	3	42	51	29	542	159	331
92	55	16
114	75	36	212	45
1	323
537	8
413	236
718	92	100	24	9	10	1	10	1	1	322
573	246	601	27	1119	48	153	1	2	106	179	71	6	17	4	41	4	7	32	169	37	22	72	86
990	354	249
203	307
117	1	136
3
14	408
364	109
6	1
589	1	142	13
65
29
20	7	9	68	53
21
113	76	755	114
14	10	97	31	145	3	20	1	1	16	44	10	34	5	33	6	38	9	89	103	48	32	2	48	21	34	13	14	35	307
11	78
46
27	39
152	1158	888	98	6	7
196	66	386	59	262	6	5	342	6	1	105	9
4	18	5	12	7	2	8	3	36	7	37	7	80
178	17	262	18	5	152	9	6	70	40
283	12	76	137	419
211
457	28	31	659	122	51	7	43	128
55	134	12
401
54	52
241
16	20	7	19	127	399	12	194	72	20	51	2	29	48	12	38
8	87	2	5	18	38	207	28	19	161	18
126
4	1	137	8	114
182
54
31	11	33	68	74
63	478	154	158
103	145
1137
21	18	8	2	35	21	20	73	223	21
6
7	17
81	306	58	11
122
7	57
4	24	4	4	45	24	49	36	215	101	74
263	1089
269	62
14	185	6	11	95	26	8	124	10	4	10	35
74
152	24	3	199	60
678	448
1
345	96	12	331
322
4	25	50
46
898	20	22	19	9	4	12	14	5	53	25	6	87	26	22	6	38	186	109	86	52	53	76	69
9	7	9	34	216	150	230
339	153	40	3	75	173	9	23	376	35
29	19	3	4	71	142	14	20	31	35	349	22	107
142	83	49	6	1	18	26	9	23	9	1	15	8
7	173
276	14	37	4	194	20	74	85	18	19	9	16	15	39	40	70	46	8	7	10	15	44	25	39	3	90	2	82	89	49	7
22	83	274
14	7	19	1	106	55	83	259
17	133	62
54
31
11	2	1	9	4	9	10	2	3	7	6	10	77	1	4	60	44	40	31	21
387	7	1	4	29	5	112	13	125	147	128	199	3	203	5	43	104	13	43	35
208	31	277	79	630	9	266	45	21	12	120	36	42
194	40	98	1142	260	36
237	116	19
119	100	1	4	64	465
22	12	96	22	307
1
10	31	49
27	38
233
1
54	32	17	15	36	11
5
165	37	17	42	54	43
98	66	37	29	95	22	1	184	29
13	12	26	44
235
294	1	9	45	31	30	3	2	6	3	2	1	1	1	26	50	1
99	112	107	150
470	34	169
228	4	33	1	33	24	13
17	73	33	35	24	33	125	22	22	89
20	9	36	13	164	63	5	76	43	16	113	28
4	123	24
85
18	16	4	75	25	105	484
54	1
3	44	24	237	21	59	30	23	44
1	3	273	7	89	14	1
390	1	9	45	166	24	15	44
463	1
109	625	325	526	202	16	121	105
4
111	8	174	50
2	3
101	3	14
1
54	20	1	29
134	82
52	19	6	42	139	114	55	47	233
10	78	42	256
50	1
42	85
469	617	235	165
209
53	230
36
320	226	9	53	95
31	1	2
159
171	54
123	68	349	10	64	308
27	37
36	118	22
47	83
258
30	1	2	17
46	2	3
2	52	291	215	188
11	26	19	39
49	56	83	133	5
6
77	63	31	38	2	380	31	6
2
1	1	137	2	8	168	41	179	165
47	9	29	1	54	9	42	12	60	7	93	63
211	2
44	14	29
410	79	8
117	147	30
12	57
7	3	16	6	16	25	18
245	301	27	34	49	40
55	4	112	6
219
505	145	9	42	15	9	11	1	25	4	20	18	4	5	6	2	7	2	6	1	2	208	65	1	168	18
21	4	60	32	203
66	151	14	74	44	358	63	10	50	5
34	1	1	5	22	45	74	12	5	7	150	27	3	9	73
9	4	4	8	8	8
1	2	22	2	54	25	2	1	13	57	10	1	4	3	1	4	10
66	45	2	41	7	81	124
147	22	69	7
1318	11	10	15	1	6	6	30	30	32	27	1	4	3	5	26	30	9	2	10	6
11
626	12	4	49	123
33	90	155	4	48	6	91	7	49	26	13	25	6	34	27	6	90
111	59	256
15	5
55	153
20	17	123
148
228
4	3	3
4	1
50	107	23	87	2	6	6	339	16
1	7	14	24	7	3	1	3	2	7	3	6	4	151	21	6	112	98	123
9	49	4	9	25	21	112	110	63
90	2
204	31	3	5
183
128	384	25	141	250	555	389	21	405
138	9	38	36
68	241	89
8	129
777	164	1	1	54	6	5	5
150	192	114	180	43
13	153	15
215	140	61	92	83	90	58	94
7	124
1
105	19	136
2	19	65	155	31	25	345	4	1	2	22	23	51	33	19	15	5	19	6	6	11	60	5	6	4	114	15
48	81	223	25	89
18	17	66	24
83	12	94
134
33	135	50	85	39	29	9	273	329
205
50	72	70
301
166	118	185	14	14	2	13	18	2	22
1
3	174
166	496	129
6
100	202
32	21	14
524	178	243	21
308	313	55	358	33
3	697	18
28	24
43	10	4	24	3	6	21	10	17	21	17	1	91	14	19	3	7	18	40	2	19	9	4	119	121
4	30	621	386
100	373	2	116
4
36	67	100
341	944	224	154	4	25	2	136	37	59	101	74	3	20	2	61	13	50	1	7	83	13	35	13	52	44	42	137	4	14	33
158	290
83	46	87	13	278	184	87
69	213	219	12
16	2	41	164	7	190	270	1	3	3	161
39	26
5	8	1	12	57	9	215	10	125	53	1	9	26	42	6	8	37	183
1	13	5	8	18	113	83	65	5	20	12	13	2	25	11	10	7	9	24	39	109
98	10	259
99	116
74
77
525	138
129	29	9	50	209	13	7	23
392
6	75	29	1	12	20	11
63	1	30	318	39	10	236
26
915	23
80	26	25
11	6
9
28	58
1170
11
12	43	36	9	16	5	4
30	10	124	110	38	1	16	4	26	4	2	91	75	137	30	70
82	3	44	12	9
79	42	189
150
78	12	69	84
11	36	1	29	20	119	32	3	40	3	3	9	14	3	4	1	6	2	3	20	3	12	2	27	15	3	26	7	8	12	12	7	7	1	7	25	2	3	26	2	36	32	27	14	136	100	9	3
84	63	353
84	225	86	10	23	23	5
17	75	108	31	37	8	26	107	32
31	12	87	21	61	19
4	86	20	118	30	13	2	8	2	3	4	79	1	3	37	22	5	3	13	54	3	58	18	34	35	32	14	29	36	22	6	22	8	7	6	3	94	1	11	2	29	43	19	15	3	17
57	5	5	10	3	4	4	4	6	55	2	4	11	1	20	11	12	1	20	12	8	36	8	3	4
380	45	64
68	105	1	161	241	24	22	77	45	121
98	379	35	26	37	407	17	10
97
18	337
7	4	28
68	17	156	216	183
235	24	32
1021	9	26
182	61	98	20	12
7	8
9	11	27	86	92	16	79
105	30	241	27
97	211	232	3	9	19	16	15	5	56	38	25	14	165	39	19	203	25	40	83	57	31	6	16
460
196	392
3	18	26	33	1	180
23	1	3	55	63	226
64	54
8	31
117	192	810	637	214
15	50
1350	201
277	48
12	99	53
3
58	610
239	11
279
142	97
253
326	48
147	45	36	54	11
93	8	22	11	30	1	1	10	12	1	8	3	53	6	9	4	2	2	2	3	6	23	3	8	15	14	9	1	2	2	4	7	17	1	2	2	17	4	1	24	2	15
81
117	4	257
37	352
68
169	198	10	7	32	31	9	37	14	72	119	134
247
86	23
6
17	7
14	22	251	12
1	58	7
402
78	1	23	78
21	39	108	15	8
14	366
4	6	2	6	48
4
6
1
24	17	279
47	2	153	161	162
9	23	8	1	23	31	1
214	16	25	170	5	9	114	273	177
3	27	63
443
39	147	1	82
16	4	37	3	2	27	22	30	7
30	182	3	7	146
14	458	1
185
31
28	8	25	5	39	14	19	18	30	4	35	5	1	7	39	35	22	1	10	2	19	28	10	90	39	49
32	66
315	1
6	1	43	26	298	3	6	11	3	2	9	3	109	49
25	46	8	19	17	2	10	2	31	97	4	12	8	1	41	14	18	94
175
338
23
7	2	4	4	4	35	13	1	6	17	6	37	130	1	19	1	1	2	3	1
895	157
9	123
95	6	293	90	27
946	15	17
1509	276	782
301	274	30	167	360	119
4	24	7	356
18	32	2	3	53	3	7	45	125	170	86
75	19	122	26	9	37	133	7	170	32	159	5	3	5	53	51
80	16	38
373	213	1952
7	1282	775	42	63	26	3	14	73	4	24	43	67	79	10
9	209	109	432
93
43	178
1
164	97
113	5
192
108
10	54	72
60	237	62	82	34	268	251
95	24
5	6	20
277	275	25	11	2	151	53	8	35	83	120	8	3	3	4	5	11	143
197	29
32	7	8	12	5	7	4	7	92	4
4	14	34	12	156	14	4	42	58	37	15	20	30	81	6	17
85	36	4	25	33	15	49	2	6	15	23	212	23	172	38	63
410	14	93	413
79	12
131	182	6	29	134
22
29
16	80	22
5	12	26	22
419	104	24
48	92	5	230
355	24	12
12
469	1
48	31	20
11
33	78
109	18	35	9
7	62	2	47	197
173	15	97	53	85	113	185
28	15	116
178	92
4	3	12	6
7	9	17	7	19	41	21	3	15	63	23	21	24	1	6	9	2	35	4	18	7	3	19	36	58	32	36	11	19	25	16	37	24	25	34	7	6	16	21	38	13	9	18	36	7	7	5	45	28	4	19	71
569	135
13	14	7	2	5	3	10	166	10	26	3	5	4	104	7	20
1
1
85	86	9	23	138
28	2	6	53	49	25	28	5	55	18	426	5	24
166
2	22	12	29	99	10	24	8	22	15	7	22	9	25	4	8	2	4	11	7	1	7	2	8	20	6	5	14	7	1	2	2	2	1	7	1	1	6	6	1	1	1	4	2	6	11	4	3	28	10	2	11	4	11	7	52
132	53	208
843
628
128	23	115	44
64
1	4
56
31	4	5
20
214	400
31
204	64
95	130	6	38	25	35
69	153
209
922	160	258	31	47	325	283
70	69	2	33
9	112	22	18	19	157	207
456	102
564
148	47
88	60	144	75	18	41
41	121	23	28	127	42	67	333
54	201
11	210	302	31	230	38	88	5	148	153
126	63	6	22	48	16	32	29	127	117	72
3	13	74	15
476	18
332	496	1056	135	10	9	47	2	53	100	40	2	66	133	324
698	65	18
152	15	14	23	156	74	162
13	13	133	7
1
3	6	32	283	314
25	27	52	8	57
177
15	156	19	77	7	68	230	53
412	55	329
201	62
1	81	9	16	134
41	103	6
39	296	48	41	108	20
68	42	1
749	496	36	156
1	41
335	1
12	91	959	77	11
194	107
119	6	6	2	2	4	115	45	61	27	5	41	1	122	40	9	44	13
255
77	13	345
48	10	50	67	12	16	73	64	85	126	292
349
4	30
917	806	34	26	106	15	275	3	32	75	157	49
31	128	158
209	9	63	195
377	171	16
21
605	1
58
7	14	2	20	11	2	8	626
7	93
15	3	54	1	45	1	242	6	6	108	236	44	72	1
84
2	20	139
115	66	12	87	82	525
232	532	82
71	1
229	58	450	94	115
36	537
543	142
751	9	8	16	3	3	16	1	2	5	40	48	29	7	12	59	69	49	8	42	29	23	37	7	68	62	59	1	3	3	68	69	2	46	12	2	38	6	4	12	54	7	2	4	65	1	1	1	1	2	2	6	1	255
1439	155
263	218	20	4	7	16	344	259	85	319	39	7	4	30	19	64	8	156	190	43	38
435	248
419	180
10	27	374	141	247
230	854	15	15
1159	105	27	20	3	3	2	31	12	33	5	12	40	37	18	23	22	10	12
2
328	125
3	323
850	524	37	53
260	761	1074	92	228
244	946	455	19
2350	3
27	316	1339	217	731	63	14
67
153
1952	182	78	30	10
339	64	47	11	184	491
664	578
5
219
6	11	36	1	51	80	34	79	19	100	8	9
226
204	481
120	101	417	298	26	20	186	118	45	2	2	119	250	29
41
92	25	25	71
23
12	21	273	417	121
386	895	26
598	11	476
44	130	461	19	197	215
66	181	273
152	16	532	119	2	92	138
15	46	13	47
24
97
52
13	6	8	34	265	57	15	42
50	106	160	33
3
18
230
9
55
102	14
14	95	7	12
13
43	88	14
65	19
13
1	13	15
649
67	69	33
587	41	6	41	31	97	8	65	192	146	96	24	10
98	79
145
40
44
419
18	13	8	2
59	214	21	7	4	7	5	2	32	11	10	23
6
124	219	271	25	137	10	132	56
127
63	29	128	144	27
31	27	1	54
8	40	470	186	1	100	20	137	5	25
422	4	140
75	23	103	7	23	12	43	111	28	13
69	90	60	3	83	20	89	6	14	1	5	4	8	27	42	5	70	16	1	26	69	71	19	36	90	26	3	3	6	15	1	4	18	4	9
318	249	118	33
62	94	33	107	22	14	25	43	8
1	1	399
1922	118
975	391	492	175	11	2	84
50	6	57	47	23	61	77	340
84	52	8
12	40	206	3	2	6	30	94
1392	904	144	208
271
7
15	11	18	6	64	23	145	31	24	35	95	32
246	12	288	7	7	119	148	52	67	71	1
29
32	5	24	39	97	31	32	76
210	66	90
18	6	126	58	19	44	56	19
20	43	23	173	261
76	261	324
383	40
55
267	13	3	223	89	22	101	8	67	145
1	21	1	17	11	4	2	16	3	33	40	21	51	58	16	671
25	48	15	174	9
557	32	69	38	35	77	48	197	177	127	87	254
242	30	143
2	5	91
8	6	55	6	411
22	7	2	9	21	1	6	11	3	12	138	39	23	43	8	1	21
4	191
7
78
148	687	164
21	343	30	319	37
373
456	103	128
152	36	11	92
153	25	69
221
139	43	1
146
13	8	7	14	8	234	13	22	402	24	40	89	4	363	10
1	2	1	1	28	2	3	2	127	1	9	5
7
10	11	5	17	5	2	55	34	35	161	1	8	13	12	3
747	22	14	19	9	1	11	13	6	16	20	5	3	17	27	13	5	24	6	37	1	41	37	33	34	6	26	6	20	11	248	37
10	33	44	1163	57
80	4	13	10	62	13	9	32	285	40	42
36
407	498
4
73	70	73	55	3
22	52	46	60	6	90	97	8	59	107
114	1155
50
333	37	222	143
850
95
1890	14	33	17	3	106	38	278	57	6
573	15
8
202	9
1
644	33
26
479	102	106	69	29
242
69	243
6	152	91	10	25	19	83	148	122
351
85
47	404	4	178
1
28	10	115	73	12
14
738	630	3
122
491
1584	39	13	455	201
10
64
19	1	96
36	72	88
7
87	15	178
1	1	1	2	1	1
57
7	46	7	28	67	76	52	1
102	569	36
61	141	4	12	16	15	121	60
4	353	44
70	73
245	36	22	105
31	151	52	2	307
142	11	93	87	5	15	3	25	3	7	12	19	2	23	117	1	3	15	16	10	76	26	11	3	10	20
545	86	12	93
131	2	34	11	15	1	55	9	10	6	6	33	3	16	78	9	92	21	34	59	2	58	91	40	33	27	20	29	11	2	7	14	40	34	19	5	4	108
10	140	31	84	227	102	14	13	61	63	101	4	38	3	12	58	11	9	53	11	8	10	83	2	10	11	46	2	38	58
76	9	15	66	77
190	67	5	8	2	24	7	7	6	2	5	36	9	3	11	16	5	22	23	18	127	19	9	4	2	17	12	10	79	36	69	44	33	55
70	90	55
1	29	116	80	145
36	3
14	1	120
224
76	115	121
1	22	84	47	64	128
5	37	43
79	108	82	1	127	49	63	31	17	52	98	15
26	16	28	6	37
17	8	16	9	1	17	13	297
8	23	25	31	12	53	21	69	3
52	101
51	72	6	105	104
467
8	21
10
15	37	56
1297	6	31	138	3	11	42
86	40	12	105	182	495	23	119	28	7
34	44	72
5
20	16	20
20	45	4	15	6	15	42	21	121
79	154	44	11	18	29	4	6	55	42	58	1	60	7	5	9	29	3	3	20	91	88	14	30	15	7	104	62
14	31	44	7	90
1
54	57	50	56	31
18	20
19	283	278	241	4	32	20	7	125	21	11	2	16	2	13	1	24	183	80	19	16	94	12	130	12	22	113
28	14	1	4	11	10	4	6	6	19	39	5	9	10	13	9	8	1	12	14	7	10
30
191	165
25	123	118	171	55	27
305	26
85
765	281	29	49	99
102
35	1
31
41
202	49	19	42	912
43	23	45
14	420	60	2	1	2	8	1	17	3	11	1	2	6	24	2	5	3	2	10	14	18	13	5	21	4	9	12
133	119	70	20
32	1	19	1
36	13
799	100	671	8	209	119	13	3	15	2	14	14
271	110
77
24	212	3
27
690	3
54	25
204	97	8	27	125
69	49	12
401
23
13	12
18	17
13	273	285
70	51
337	35	10	6	70
141	3	17
2
141
62	22	43	104	16	68	18
72	220	4	121	7	159	206	20	195	190
54	452	30
75	157	375	1	228	140	9	22	24	75	216
14	51
110
238
305
2	25	68	63	184	125	40	26	370
1
15	33	6	1	9	22	1	11	5	10	190
69	27	15	3	18	111	234
53	15	2	43	66
2	1	1
119	12	14	9
442
21
48	25	10	3	1	22	19	23
581
22
4	32	34	59	2	38	388
139	86
10	432	80	640
502	599
1005	68
14
67
458	13	5	350	274
129	135	16	11	138
45	53	33	5	31
7	7	1	12	3	10	1	7	3	9
5
122
7	20	24	15	4	11	8	3	7	1	17	55	7	12	21	15	5
2	1	2	15
11	32	52	240	256
109	1	4
466
118
3	1	1
28	2	1	1	21
136	276	136	1
94	13
2
3	9
188
275	32	13	44	3	23	68	9	62	11	23	15
9
54	32	151
140
549	180
45	18	12	42	25	95
2	86	70	77	106
11	22	16	3	38	7	44	127	210	1	126
16
199	104	303
86
99
430
61	4
11	3	253	312	138	162	14	5	39	17	1	9	31	3	13	67
15
392	20
1	21	12	18	32	26	10	78	29	5	7	119
1
6	7	14	288
9
18	124	195
1	11	42	59	40	14	272	7	31
42	8	19	8
84
3
7	34	10
47
148	119	11	2
302
1	411	29
1
2	11
40
36	38	11	87	33	116	31	44	8
24	28
167	87	19	24	19	29	89	314	73
2	8	6	20	16
2
443	24
38	122	732
1
8	31	18
77	116
20
47	12	20	23	3	12	26	29	34	19	6	45	66	29	184	49
174
695	522	56	30	97	57	154	129	46	5	4	61	1	125
35	139
14	17	12
44	3	27	19
17
62
392	9	91	281	261
242	137	192
57	175	12	26	229	40	21	112	12	4	242	54	6	30	53	33
6	9	74
15
96	37	107	73	14	173
73	388	86
87
89	660
7
132	13	5	119	2	2	24
607	203	6	14	55
6	75	67	19	56	179	88	27	5
14	60	41
262
122	26	8	23
564	830	210	315	2	4	16	84	97	185	120
12	49	43	41	21	148	5	2	14	108	50	6	45
63	146
239	48	13	99	50	46	34	33	27	71
67	473	33	122
18	2
181	278
57	26	218
1085	522	108	91
292
42	17	9	21	105	31	87	125	215	10	10	20	7	11	40	1	12	44	21	55	4	25	56	18	33	97	30
390	1215
26	11	5	2	1	3	6	2	36	2	1	1	1	29	75	51	4	113	186
596	60	37
286	7
103	114	8	67
1
36	73	342	15	1258	146	17	5	2	13	2	56	13	15	6	22	1	18	20	10	42	6	10	10	16	45	7	42
38	42	181	154
51	6	46	43	80
21	13
82	356
39	205
22
6	27
63	63	56	470	56	227	83	22	47	16	10	115	7	49	2	5	81	38	40	76	39	18	12	11	61	56	33	122	55	20
40	16
145	214	585
43	67
979	456
1603	85	46	85
181	134	81
1085	82	174	14	70	266
1674	534
181	141	116	459
8
377
2	1
7	23	30
1
3	3	54	326	57
805	641	225
89
60
23
42	151	76
296	4	4	96	23
66	34	28	13
42	23	423	39	179	10	29	13	122	98	459
1
69	679
26	71	2	2	4	5	1	2	5	4	2	1	2	9	43	60	6	8	128	16	6	2	158	15	1	7	12	122	29	26	62	7	7	89	216
11	70	80	1	55
154
5
238	136	6	13	51	24	12	103	214	29	8	11	18	3	30	13	41	253	27	7	82	9	129
27
98	90
235	7	43
2	2
45	36	122	55	36
23	94
5	2
92
513	21
9	182
245	32	66	78
699	93
1
89	6
52
21	24	21	4	16
167	396	8	2	2	5	5	5	1	4	9	20	4	22	14	2	19	11	2	6	2	1	9	20	1	13	22	15	12	15	17	31	123	6	10	147	12	31	4	1	2	6	6	14
282	6	54
14	14	44	99
108	27	180
186
12
6	19	8	22	9	9
92
110	67
107
261	26
15	91	42
66
85
511	127	14	15	62	32
28	279
65	204
8	1	31	17	1	7	7	14	13	14	17	22	18	6	38	100
122	16	11	31	41	31	61	7	4	40	6	26	31	93	160	38	27
92
108	23	17
211	17	1	9	26	8	1	38	11	4	9	22	17	27	40	6	8	4	24	5	11	1	4	6	3	10	46	17	39	53	1	8	2	3	4	10	4	14	5	3	5	11	7	3	16	1	29	10	22	2	9	4	5	8	15	2	5	6	1	1	6	137	4	34	132
170	5	343	419	19	9	7	13	5	3	15	10	46	5	176
731	207	108
612	2	357	852	57	279
13	1149
273	71	31	36
352
5	22	27	12
104	157	89	97	10	6	126	16	30	38	15	2	14	2	2	68	7	21	24	154	409	6	13
19	26
211
15	162
5	21	91
179
96	2
71	1
556	3	4	6
7	16	1	4	5
224	11
6
34	9
846	26	36
396
21	25	5	118	57	9	13
36	38	37	28	66	32	33	33	45	32	51	35
17	37	44	9	4
61	4	2	18	33	1	25	24	4	12	2	4	21	16	28	34	25	6	1	21	117	216
97	80	1	31	44	51	57	20	65	16	28
7	84
12
9	1	16	6	3
55	8	9	3	21	8	21
100	12	154	12	2	101	14	34	21	22	119	55	42	62	49	154	94
11	2
174	2
572	239
221	460	22
40	1
118	22
6	7	2
223	1	9
49
18	246	54	9	1	6	15
1	75	628	102	95	161	1
17
16	17	78	493
17	18	233	67	12	237	46	43	23
12	18	5
60	45
2	22	49
369
191
23
64	25
17	21	19	57	97	37	324
287	2	280	68	43	246	12	1
128	24	330
230
18	206	27
12
19	41	15	1	1
31
2	67
9
67	10	119	8	13	182
97	130
59	222	16
7
229	15
1122	23	5	7	15	1	32	21	51	81	17	11	1	50	18	80	5	78	6	4	4	4	17	22	16	3	2	43	4	44	35	5	18	2	3	3	21	4	53	10	3	34	21	4	23	6	21	27	38	190	19
190	6
261	3	430
729	157	2	1	3	4	55	18
24	62	148	24
103
47	2	29	33	43	7
79
213
132
9	1	72	10
45	143
1
6	8	167	82	95	8
173
153	42	75	27	9	8	42	14	31	4	4	3	46	13	18	9	18	10	4	28	34	27	20	10	146	54
6	37
21	56	387	13	2
60
144	31
16	56
6
251	194	153	20	15	71	68	386	351	116
49
122	35	22
298	37	237
28	616
4	12
20	186
188	950
136
218	32	13	36	6	9	3	3	13
194	108	162
188	167	148	28	14	5	10	41	225	56
29	20
74	8	19
1	9	1	3	1	6	28	695
239	82
28	143	218	25	27	183	41
8
23	2
247
4	16	58	247	27	36	1	67
31	175	129
202	19	6	218	67
37	57
72	203	63	62
29	40	18	38	502
127	123	188
32
138	611	5
15	13
33
24	81	3
12	9	1
399
387
42	11	73	13	55	3	1	6	2	28	15	5	4	1	5	33	1	1	1	8	3	1	20	172	4	2	28	26	10	13	26	17	3	51	25	9	4	1	25	51	16	5
99	209	22	199	15	446	3	133	227
6	64	27	417
22
83	3	6	20	470
149	20	45
920	15	15
87	67	20	290	102
16	48	146
33
5
2	13	21	63	2	70	6	166
44
64	45	5	26	50	31	90	7	29	40	5	5	10	18	172	2
140	23	21	91
67
1	314
169
53	15	5	14
122	202	106	90	52	63
4	223	281	1
3
23	1	9	27
23	22	30	77	60	6	51	4	14	50	24	91	73	45
156	200
46	93	135	31	60	10	40	432
1	15	48
478	13	3	25	21	145	195	236
107	33
116	16	8	2	497	33
173	82	13
13
36	88	13	142	140	17	85	14	8	8	114	78	34	116
44	358
60	34	116	1	139
16	38
14	24
524
1027
69	23	20
114	24	16	6	56	38	5	108	125	33	5	103
399	147	257	118	29
664	11	41	322
578
78
128	129	202	87	376
20	84
13	44	8	5	130	140	65	111
16	54
608	382	44
904	468	56	284	83
88	574
26	62	1018	153	256	9
66
33
8	9
115	42	319	20	4	16	28	102	26
486
244	12
112	31
287
307	106
37	28	138
27	7	185	138
48	1
29	2	39	174	63
28	15	1	8	5
5
104	3
143	484	27
49	30	175
11
114	18	80
336
94	7	5	29	29	2	81	20	26	35	2	1	103	53	33	7	81
27	95	103	12	136	14	113
11	80	231
40
53	38	97	58	2
2	64	432	38
490	1	36
232	527
7	40	13	15	14	22	26	64	6	1	40	34	80	295
267	32
50	11	81	24
312
7
162	237	51	19
6	423
328	277	39	233	43	173	15	47	36
27	7	1
107	51	39	227	14	22	4	27	64
407	700	26
251	59	48	9	35	27	58	14	76
57	14	58	14	8	8
176	352	212	328
23	179	14	5	10	3	4	4	1	1	5	4	34	75	7	52	112	32	19	27	9	33	132	5	4	34	20	6	39	36	19	10	21	34	58	22
63
4	26
1	2	6	29	5	11	8	2	25	90
81	20	32	72
146	49	42	6	152	62
108	308
95	42	100
79	167	42	61
284	22	3	42
177	21	8	60	26	28	26	135	395
107	23	91	14	13	15	4	391
262	123	85
49
65
1
1	35	6	8	2	47
54	74	149
62	358	1	78
34
83	34	7	365
44	28	17	20	35	79	145	348	45
1
216	11	172
106
214
2	4
99	4	26
226	25	117	35	47	18	176
174	2	5	25	14	6	3	12	9	4	10	49	3	7	2	15	4	14	97	37	12	20	1	32	25
446	36	155	117
74
46	14	15	188	62
1756	175	66	1	28	4	15	10
3	30
14
18	280	34
22	18	131	17	79	63	5	26
8	146
114	294
17
12	16	2	33	6	6	1
15	14	43
5	6
69	40	17	14	184
3
59	25	16	105	48	25	124	246
7	22	19	1	6	17
83	76	15	2	135
6	84	15	33	13	55	4
404	40
176	231	347	214
448	415	107
281	142
532	1	30	8
221
2	20
22
16	13	66	22
53
38	22
39	106	58	64	224	22	23	63	23	28	91	16	11	21	103	118	7
260	38	3
89
192	100	293	638
172	5	226
34
68
947	492
63
1	23	1	9	10	2	7	17	3	13	8	11	15	2	1	18	5	7	26	1	3	6	6	40	26	61	33	17	24	46	179	9	5
352	889	34
63
367
32
22	8	9	30	68	171	27
75	3	3	17	8	14	78
138	82	344
3	16	339	30	36	2	1	8
56	69	198	4
42	10	55	72	71	121	44	17	113
13	2	6	2	23	15	17	15
1
2
24
18
7
24
324	110
210
394	39	375	11	53	125
58
112
10	218	14
288	132	64
581	427	193
609
196	15	14	9	79	150	53
3
264	177	23
653
260
771	387
552
71
116	324
410	681
29	12	63	309	246	89
46	20
282
9	17	35	2	3	11	14
346	52	209
61	3	1012	12	2
55	5	10	5	18	17	20
1
396
43
18	1
2
41	124	112	31	34	7	67
7	46	5	20	11	28	22	14	6
37	481	55	49	338	3	1	33	35	9	22	10	8	50	9	78	124
254
20
140	43	67
24	18	111	34	7	58	294	5
119	243
323	54	20	3
21	1	4	1	6	1	26	9	16	9	20	2	11	19
400	478
2
44	48
59
632	6
10
20	8	1	41	3	4	4	4	5	1	28	3	33	10	3	171	1	83	81	4
202	29	274	31	62	53
251	72	17	308
24	8	22	11	14	151	66	63
58
22
61	15
2	8	1	3	2	3	1	2	1
112
244	84	39
478	88	76	137
107	11
236	26
122	56	21
35	1	23	3
97
309	74
15	11	38	17
97
25	15	13	5	2	55	27
44	114	36
132
3	1	22
2021	66	82	124	171	28	65	26	52	2	23	42	30	61	54
12	175	109	1	7	30	44	337	141
21	35	48	122
31	8	392	145
139	8	22	25
10	4
308	27	72	1	23	6
70
36
65	24
30
110
155
7	5	3	81
13	9	6
7
65	23	51	42	429
116	27
889
264	4	2	27	42	19
2	18	8	4
5	3
14	3
17
152
17	10	26	3	12	9	16	4	14	2	1	16
5
654
21	54	39	25	35	7	37	10	31	34	24	120
282
53	162	257	38	11	10
39	1	1	1120
384	9	68	66
3
97
39	40
13	8
313
764	9
3	19
56	162	1	1
14	153
2	7	2	20	10	18	304
516	435	1	16
442	45
1
32	1	127	105	78
390	229	11	147
556	126	399
1428	119
50	31	26	6	160
138	27
263	4
948	95	114	191	2	63	26	7	54	37	103	29	10	28	28	11	16	21	16	45	41	40	51	47	49
631	41
3
344	23	166
32	12	312	301
3	3	10	29	7	9
981	900
1	6	49
52	147	195	19	62
31	4	177	17	1	2	3	2	3	1
46	56
307
22	391	114
100	22	28
9
2	5	1	4	5	9	19	155
15	216
95	136	85	231
3	1	3	134
24
31	13	206
3	5	30	12	8	88	45	8
13	9
9	1	5	20	1	6	16	5	128
16
1	5	4	1	1	4	4	1	3	1	1	2	3	2	4	2	2	4	4	4	8	3	1	2	7	10	8	37	18	71
158	4	1	152	131
2	4	12	6	1	7	18	8	9	6	7	1	1	1	1	1	1	2	16	4	4	1	2	5	1	3	3	7	2	4	1	1	12	1	5	2	1	4	6	2	4	3	2	2	1	2	1	1	3	1	1	1	2	6	10	6	1	1	3	7	7	4	5	1	1	2	1	4	1	1	4	2	1	1	3	2	5	14	1	7	2	1	1	3	1	1	4	1	2	2	1	2	1	1	4	1	3	2	1	2	3	3	1	7	2	1	3	2	1	3	4	7	11	1	13	9	1	4	5	9	2	1	8	12	6	2	3	9	1	5	3	1	10	5	2	10	7	74	21	5	1	15	21	16	18	32	74	54	27	75	79	8
48	26	11	2	51	80	40
5	109
16	617	64	5	10	86
43	178	206	44	15
218	7	26	4	2	35	112	46	62	51	146	28	17	102
1
481	1386	292	236
26	195	581
28	50	55
199	370	156
95
809
18	6	5	50
38
211	409	43
265	116	113	418	451	193	58	427
404	163	575	247
206	240	85	401	346
2505
42	182	1	160	98	167
77
5
62	22	19	357	98
87	21	38
2758	478	139	180
5	9	12	11	2
99	256
2
215	245
6	7	1	26
63	70	41	6	29	7	16	53	3	167	29	63	37	28	309
338	156	86
10	5
130	10	5	30
195
68	33
196
35
94	181
542	6
128
35	100	7	40	14	10	91	190
43	183	94
7	1
1011	17
168	210	284	152	688
386	1384	16	281	102
10	4	7	10	171	2
356	107	158	8	69	348	78
3	374	105	176
177	974
149	890
326	319
2	7	3
271
29	10	14	22
115
65	39
42	117	69	231
264	199	112	1
174
119
6
57	218
4	30	52	158	4	15	11	48	29	30	6	70	4	42	55	118	146	75	80	27
83	158	15	5	12	22	31
88	74
1	47	8
10	4	8	10	26	1	17	50	14
40	46	471
1	1	5	1
522
3	5	2	20	3
1
84	243
2
112	91
1
27	18	1	25	55	5	76	1	5	31	6	23
16	22	53	8	119
1	8	24	8	16	20	8	21	20	28	9	26	29	80
63	2
65	44	1	2
4	9
7	56	230	95	15	2	36	2	1	15	3	6	6	2	14	2	85	95	33	46	99
5	9	2	5	4	24
44
12	13	39	37	12	26	211	71	42
1	6	670	57
18
73	97
36
120
2	4	256
42
112	31	96
166	51
31	74	36	50	13	238	199
180	5
585	5
4	1
59	71	45
247
3
2
34
77	54
8	7	5
9	12	92	12	4	8	7	8	7
2
55	28	3
22	2	21	19	12	6	11	92	17	163	146	71	37	9	62	1	15	31	55	66	4	41
60
44	67	26	171	8	9	18	14	5	5	2	30	55	20	101	32	170	37	63
531	31
1494	162	1	23	58	130	80	74	1	26	18	50	1	36	7	4	36	1	1	3	14	16	6	9	3	3	1	9	5
26	20	29	99	20
115
13	370	68
4	4	13	13	30
157	381	23
348	43	78	35	24	159	48	73	6	144
346	446	538
300
7
7	3
234
37	3	286
224	42	2	84	57
85
245	77
378	85	48	17	113	74
13	696	21
4
394
58	50	57	153	11
905	28	7	183	85	38
4	119	2	33
12	20	275
320
2	23
799
15	59	41
73	614	33
2	32	18	30	14	18	10	39	51	13	78	18
7	93	17	89
23
153	396
241	139
96	3
7	11	196
133	76	54	28	183	82
58	158
99	1	5	31
411
22	3	18	38	47	94	4
439	232
378	90	93	345
176	661
102	67
209	194
522	5	6	9	4	7	122
93	66	13
4	108
485	11	86	40	5	42	68	1	9
538	189	233	10	168	21	87	1	20
309	200
2	246	28
168
434	233	86
9	76
451
307	75	30	77	28	11	102	84	11	279	25
14	8
1508	64	93	92	4	13	11	94	99	22	17	43	91	30	17	1	3	57	20	14	3	45	4	5
86	568	452
1195	85
1008
343
276	550	201	453	413	40	287	660	28	93
153	16	417	161
44
182
22
189	83	11
177	34	80
189	134
350
940
45
322	463	223	11	235	309
19
818	24
63	44	40	7	32
169	18
5	29	144	43
458	350	18	85	42
8	139	62	37	67	124
120	195	62	61	36	209	9
54	26
147	125
143	151
403	34
118
112
90	274	305	183
38	6
3501
15	164
16	48	38	6
26	7	10	19	24	43	437	12	5	29
6	64	504	322
23
310	498	9	58	106	86	49	195
90	1008	4
574	437	2	31	51	113	3	94	7	13	1	32	35	66
5	349
57
245	83	31	399	54	103	37	13	38	222	55	117	25	27
10	70	21
31
82
193	33	99	63	32	100
373	129
476	61	142	31	31	42
32	50	1	18	1	1
362
25	412	8
7	54	69	28	41	18
11	29	86
2
3	29
415	134
541	74
411	35
96	95	383
497
200	99
105	73
74	22
611
29	49	19	82	7	101
67
13	31	8	23	189
31	5	23	74	67	39
7	161
146	1	15
389	49	168	166
13
338
10	16	69	127	6	25	22	51	32	1
144	201	159	120
227	236
310	53	43	757	1	207	50
31
553	2	10	54	109	41	21	241
4	4
102	56	526	23	51	38	30	338	110	22	155	2	5
202
311	195	56
236	18	28	87	45	103	31	28	335
8	3	10	22	21	9
3	1	7	9	3
12
180	122	357	68	151	96	10	191	34	122	60	9	8	81	7	15	1	46	35	5	1	47	8	5	23	46	12	16	1	53	2	73	12	70	104	21	37	99	149
1132	21	85	139	35	66	97
51	368	550	208	341	146	23	2	4	3	104
1406	211	106
774	97	144	96
22	115
554	3	32	235	885
5	19	165	18	27	94
634	101
1
477
13
62	3
45	1	481
31	59	39	11	361	164
116	31
107
370	5	244
308	131
15	109
530
99	28	51	118	27
92	34	30
192
88
154
92
278
54	53	81
148	135	177	30
35	44
7
14	110	23
517	115
372
3	105
40	148	5	18	32	28
2	24	4
1	24	214
13	13
11
76	81	69	79	146	49
1080
64	37	204	52	33
102	116	55	163
232	7	88	98	5	13	7
3	33	26
12	5	262	34
294
20	58	63	38
233
298	549	139
528
103	78	12	510
14	10
6	73	29	20	54
141	40	108	6	28
4
23	126	33	131	46
7	38
188	1	189	466
36
512	7
146
10	33	29
274	55	1238	11
17	23	31	281
79	22
26	43
375
265	52
182	127	1
190	173	18	49
36
13	74
26	73	127	12	35	42	38	16	14	9	40
121
23	70	84	231	78	56	73	47	37
7	5	19	6
1955	1	174	341
181	89
171	183	12	78	87	85
5
1
57	31
228	36
204	19	55	81	15	38	7	20	8	65
80	16	133	22	12	101	56
75	20	24	34
3	40	350	50
199	234
31	29	111	36
108	936	11
9	21	42	4	66	48	14	1	6	12	1	4	11	3	5	32	2	12	29	8	21	4	2	1	8	4	10	5	5	3	4	1	3	3	1	1	8	3	2	16	11	1	4	2	6	6	4	15	7	12	23	1	22	4	3	6	4	1	13	13	23	51	4	6	6	6	28	8	4	25	22	1	1	1	49	4	17	2	3	9	21	7	1	21	2	2	1	1	22	1	4	3	1	3	1	19	1	29	12	24	136	5	3	9	2	47	19	20	55	2	6
2	1
33
687
31
28
17
29	272	31	11	321	291	235	47	8
35
17
178	49	16	16
54	108
2	8	623	8	12	24
1	461
39	18	613	23	286	12	32
56
56
15	18	14	4	24	28	7	33	499	16	8	4	3	41	53	52	21	1	2	8	45	237
568	152
21	142
40	461
36	126
47	118
165
321	323	178	60	28	63	1	86	59	3	21	49	170
775	174	128
973	264	6
7
20	45
253
25	595	123	6
22	126
1
329	434
16	68	138	535	5	1	2	2	16	1	2	16	1	7	5	20	9	48	5	7	1	77	1	9	4	3	2	48	1	9	23	8	20	2	36	19	127	95
168	106	9
20	115	29	20	18	296	24	1	1	1	58	2	22	170	177	77
778	436
58
333	60	10	46	12	17	101
120	16
6
667	160
8
26	16
282	14
27	2
6	43
33
121	368	30	35	2	95	49	4	62	45
14	113
3	1	5	36	4	2	15	9	74	2	8
49	40	228	7
150	173
27	14	2	35	21	64	213
561	367
1529	24	8
106	100
51	271	103	299
870	69
38
180	529
1024	3	35	7
7	99
240	44
181	17	18
513
180	155	425	10
63	94
86	234	7
2
78	98
49	108
18	22	36
559	989
223	6
172	23	124
692	56
45
107
79
126
24
15	131	41	32
77	85	7	25	11
183	34	247
1	2	13	83
186	55
229
93
21	1	40	34	12	11	188
10
81	10	113
3	20	28	13
231
11	2	20	3	6	8	1	3	49	16	28	20	13	53
283	208	44	12	37	311
21	481
34	48
90	67
19	122
118	21
15	214
638	70	2	1
22	339
6
259
230	120	146
6
171	38
8	142
106	39
207
583	196
93
291	54
224
252	153	109	176	11	52	32	4	39	81	3	12	80	12	1
155	11	43	113	24
7	366
87	7
6	5
14	64	30	90	26	20
198	72	116
29	12	11	226	142
2	4	15	77	336
313	451
7	61	30	26	325	83
76	32	101	65	57	70	73
256
80	33
154	5	29	1	13	1	30	1	1	3	16	1	38	25	29	10	11	51	26	15	21	98	25	65	71	14
166	40
9	134
1
7
6
18
170	298	53
3	49
91	329	1175	141	201	4	306	3	105	17	19	45	35	7	162	50	7	14	46
22	54
8	7	14	28
335	148	43
6
9	15	33	315
140	110
2	363	5	69	31	102	157	5	1	27	315	42	38
142	279	142
1
3	38	15	5	60	7
1114	279	199	243	24	8	1	5	8	4
120	9	40	205	148	80
89
209
74	172	13	184
126	8
30	38
67	67	41	29
260	125	239	150
70	14
77	555	5	34	21	93	110	175	44
26	34
773
297	536
16	16
80
773	572
279	48
53	844	13
1	14	37
101
60	35	81	147
27	163	21	67	5
25
274
6	14
479	70	113
13
21	40
108	32	33	119	43
14	3	64	52	52	96	54
121	32	3	66	67	150	26	3
67	10	60	2	10	2
114	14	1	200	350
482
429	12	23
6
12
106	19	16
12	2	1	462	19
116	28	17	15	7	31	23	5	2	2	48
29	66
251	28	29	67	365	41	151	11
21	9	126	22	39	26	30	71
10
20	118	245
72
9	150
16	1
1
54
428	141	36	372
26
604
107	174
16	12	128	44
517
81	345	106	167	16
13	1	157	39
6	18	410	1
216	29
115	411
51	135
147	65	13
144	24
11
48
43
15	94
85
89
32	12	587	69
16	27	16	42	2
115	44	7	238
156	30	8	85
42	28	58
3	1	5	23	64	69	66	27	230
30
27
1	33	9	4	41	4
2109
1	17
1063
31
65	202
142
14	45	25	1	90	20	15
17
430
6	497
162	12	2	4	4	8
140
89
3
209	124
2	12
18
7
95
200	78	39
36	119	106	70
465	6	29	299
3
61	293
9	16	21	1
1	84
19	291
658	194	22	29	20	122	132
995	1180	965
375
39
85
39	128
133
61	56
672
117	12	33	231
62	39	144	16	78	59	22	16	121	373
1421	538	48	169	9	47	469	111
241	50
346	238
136	392
8	88
4	5	34	50	29	46	16	35	111	13	32	108	2
161	147	34	337	4	26
3	97	175	29
251	11	6
48	44	9	33	42	21	15	93	24	31	407	33
131
113	401	1	51	109	71	182
22
413	34	19
5	258
33
2204	7	136	79	22	152	28	28	3	15	60	10	3	12	36	349
2	255	414
136	206	102
59	42	679
1633	20	39
134	399	472	98
411
2
5
37	17	73	43	88	35	143	10	147	169	13
210	40
271	83
93	164
2	162	233
6
97	25
18
124
513	559	405
242
343	210	48
60	206
53
18
78	142
1263	46	21	35	14	30	29	12	75	157
265
116	71	76	290
532
3	15	19	6	5	1	2	11	119
86	27	7	34	49	91
147	23	10	6	5	37	28	2	1	4	6	1	17	3	43	46	33	46	113	5	4	92
234
6
139	73	259	18	24	27	4	303
61	32
21	7	17	51	153
46	222	736
16	15
361	97
16
16	21	96	49	7	21	11	12
13	62	27	44	2	119	42	10	8	29	4	385	270	62
43
1	6	43	28	72
17	312
6	930
225	41	103
329
55
515	380
1	9	553
338	1	164	178
139	132	423	115	161	47	32
140	22
284
4
37
34
1	1	6	2	5	7	24	3
57	5	7	21	21	5	1	11	9	10	9	22	26	6	19	9	5	7	66	39	25	185
21
25	2
169
1256	13	255	52	11	3	68	21	160	8	108	6
4	27
36	179	27	76	37	27	94
24	29	4	67
159	260	14	183
51	107	52	48	216
14	64	5	184
8
65	2	240
89	47	3	4	14	95	81	7
2	10	44	539
370
63	66	44	58
39	180
6	98	324
23
63
6
902
121	14	120
113	19
455	460	11	103
27	177	208	17	2	29	30	94
41	7	104	23	9	30	8	44	485
44	39
6	181	181	340
5	1	5	1	69
262
53
48	98
7
109
304	67	62	120	88	24
18	36	191	52
204	352	131	43	7	42
95	270
221
268	33	37
432	91	67	1	5	10	20	5	24
145	66
411	479
198	102	81	107	45
693
740
202	59
31
29	17	114	24
557
554	90
59
339	116	20	105
40	568
3	150
21	52	4	128
56
17	35
16
36	182	418	2
3	374
364
110	783	613
66	114	35
1407	2	2	1	9
637	67	5
92	211
1150	161	9	282	143
746
907	211	789	20	99	189	162
14	78	14	66	103	161	16
16
10
216
70	49
21	44	23	54
303
68	7	189	694	133
364	44	143	166
63	841
51	2
65	358
35	75
247
207
186	30
25	53	50	1
267	76	428	90
482
44	245
34	20
1	163
75	76	18
32	12	60
210
13	3	2	6	26	22
8	33	524	219	33
46	68
616	290
48	272
35
12	80	34
8
122	247
103	8
1002	448	511	37
194	145	482	37	83	24
27	90	97	49	75
210	188	46
326	109
201	315
20
2
21	75	35	76	154	28
87	74	11	10
150	217
60	375	4	20	176
31	4
763
293	77	169
4
194	43
1	4
21
40	2	80	1
1	26	18
3
353	186
17	36	107
24
299	30	302	29
17
1
204
72	244
1
42	76	20	25
1	1	4
72
9	10
93	73
38	214	198
92
73	284	712
203
30	47	12	2	2	3	6	1	81	10	13	37	7	11	17
31	6	2
59
7
324	327	190
179	3	69
15	28	2	438
4	3	23
238	204	13	43
276	8	464
40	89	100
12	8
18	14	123	60	23	257	22	137
141	3	613	44	54
352
21	463
6
107	462	153	8	75	578	21	6
265	571	64
135	1402
22	32
15	3	28	39	177	31	32	14	36
64	53	105
19	18	171
31
1673
58	70	13	3	32	519	4	3	168
42	140
154	254
271
1
278
172
421
11	105	27	199	79
67	29	102	56	123
125	102	95	73
3	60	7	192
227	188
161	227
50	92	235	6
50
182	4	453
55
238
759
264	327	3
551
47	2	2	23
75
15	82	188	31	24	35	49	121
9	27	56	75	117
11	37	15	97	1	107	8	15	24	5	20	11	10	32	15	20	10	59	32	234
76	297	76
31
151
104
271	195
76	65	290	7
89
5	5	16	14	38	63	3	25	87
8	30	4	15	161	59	4	80
2	40	2	16
8
152
86	237	201
195	20
5	23	18
4	2
17
5
9
4	26	108	10	182
8
9	2	5	3	6	3	16
58	89
46	61
113	6
43	11	138	57	70	4	44	40
23	2	95	322	72	17	41	86	13
15	10	1	21	5
74
98
36	2	11	6	14
170
5	30	55	9	47	8	15
62	69
11	4
31	146	38
67
3	27	9	3	2	19	3	11	10	3	2	15	108	148	31	44	17	2
110	7	47
226	47	15
3	7	6	3
2	9	107	10	62
15	21	66	47
33
400	203
57	98
157	143	151	5
12	168	80
328	61	275	208
37	45	15
60	160	126	30
217
320	16	194
665	61	78	60	153
19	83	135	79
337	39
228	36	128	76	6	151	184	22
394
10	177
37	48	6
48	55
432	64	79
22	28	81	12	24	5	19	31	44
113	172	83	172
36	12	254	533	10	41	19
79
191	141
32	406	47
18	14
148
55	8	24
56
29
10	9	31	31	55	234
185
345	28	164
71
32	6	11	4
16	101	59	174	28	44	18	53
439	52	557
2
15
178
3	9	11	1	24	7	17	188	16	75
15	17	44	21
33	308
19	9	6	46	49
6	1
1	1	165	72	149
25	25
147
17	27	68	49
158	1	47
459
8
1	182	122	85	223	84
1493
105
391
112
3	8	18	233	364
38	40	24	27
21
444	1
170	60	189
12	1
84	107	2	132	129
182
33
54	709	72	79	27	47	29	120	76	22	64	39	77	46	148
3	4	38
4	45	63	120
1	18	2	16	22	65
105
145	129	4
169	35	19
371	102	54	106	28	1	32	45
363	2	154	71	2	4	6	88
43	80	125	32
21
31	2
5
42	24
7	3	58	273	109
7	13
85	83
8	8
74
2	6	20	59	102	38	11	10	3	9
441	15	12	16
8	38	12	20	3	23	9	40	62	6	9	3	8	187	196
3	1	1
4	16	5
117	31
26	343
11
21
3	91	388
57
5
5
145	98	189	157	3
133
22	8	73	337
223
87	12	114
157	20	41
6	4	11	11	3	10	4	2	79	50	16	62
25	35	30	1
2	85	6	14	14	23
5	18
8
45	223
165	1
39
90	70	4	3	71	80	26	14	5	54	49	20	29
3	14	2	1
14
852
51	67
31	1
146
404
11	382
168	451	4	13	81	41	27	4	23	18	17	16
6	17	9	21	13	38	14	17	9	28	130	222	14	27
17
345
87	1	37
57
71	10	6
50
9	29
61	94	4	1
3	395	75
167	30	204
58	28
4	21	202	21	19	132
163
1065
286	17	220	195
520
10	39	12	2	1	8	1	4	17	4	165	18	55
188
30	478
26	80	139	171	60	15	40
13	12
96	21	16	7	101	189
53	12
475	112	570
13	389	40	75
1261	40	6	126	29	12	1	44	146	96	80	5	31	79	4	21	6	27	200	11
173
794	7
47	24	349	69	36
172
1
78
238	4
2	1	186
107
189
204
13	12	21	11	59
18	27	6	1	162	3
20	78	73	219
2
10
155	173	5	192
11
1	80	87	24
84
9	5	234	28	90	27	55
354	39
57
4
288	199
1
11	27	30
1	19	15	3
476
26
119	6	344	30
93	11	25
17	121	222
2
441	1	6	9	123	3
10
3	579
281	41
319	124	251	148	16
82
86
197
1	23	33	1
531
123	4
120	148	226	42	35	1	1	22
151	89	3
2	2	4	4	1	12	2	17
10
753	2	4	57
301
40
16
1	213	19
250
27	24	45
20	10	4	16	67	10
1407
24	93	126	36	14	24	127	1
6
1	12	1
67	5
18	6	33	199
12	94	119
6	151	4	29
5	5	9
121
409	29	1	194	117	9	27	94	236	217
33	90
1	2	39	13	9	4	6	4	5	36	2	168
270	2	32	170
44
373	497	57
31
34	42
7	48
312
53	198	109	52
78	342	342
50	134	7	9	120	156	346	2	300
118	111	645	89
2177	459
251	161	1
233	27	112	22
333	62	152	85	118
771
634	252	370	23	327	56
9
272
299	195
72	1	8	11	3	27	8	29	204
64
19	110	14	40	54	223
495	253	271	90	91	68	7
27	116	184
229	16	38	6	10	1	48	14	6	2	35	31
539	243	62
196	24	3	106	1	2	12	117	166	56	29	9	2	8
373	3	17	14	29	5	6	4	37	298	244
932	1168
63	9
224	1	182	48	50	10
207
229	28
20
42	8	50	48	208	205	86	4
284	43
23	1	3	6
1
27	83	149
1
27	43	9	20
8	34
76	58	236	27	51	22	44	74
3
138	156
10	28
1	8
355	30	701	59	58
75	10	352	3	2
102
86	100	167	91	130
71	79
3	33	42	289
6	4	5
7	21	3	38	1	23	31	127	1	49	24
7	1	8
6	115	21
463
24	84	270
8	20	16	78	14
523
6	203
7	258	18	29	11	27	42	82	87	8	7	123	36
183	170	199	50	107	61
5	11
113	363
44	278	169	185
46	70	19
67	13
52
116	160
122	26	34	1	109	1078
96
34	1
44	369
3	21
28	2	1	3	3	37	21	9	100	4	4	12	24	10	1
7	14	122	4
292
153	124
2
50
486	1	4	23	30	2	101	96
28	26	63	54	75	7
2	476	74	14	405	54
98	46	59	35	448
107	162	39	185	165	57	193	33	12	5	4	53	24	56
1138	2258
29	13	112
6	2	29	19	9	6	5	1
96
483
1456	212	23
540
130	31
52
223
6	105	20	17	117	45	55	92	130
30
35	49
8	35	308
2
75	6	44	11	58	16	4	1	29	1	26
54
159	184	306	13	4	581
489	37	145	173	285	32	81
11	35
63	38	260
15	21	3
62
55	27	475	5
42	2	10	6	8	8	63	5	4	343	2	174	31	21	49
22	115	33
29	244	74	124	20	335
430	61
8	133	292
110
636
39	218	136	16
22	115
131	90	6	6
88	19	134	65	148
28
41	31	597
309	231	203	549	282	83	23
27	21	27	4	1	8
125	1014
26
112	46	201
1	19	188
117	11	2	33	16	83
9	101
15	19	86	35	9	24	54	76	32	20	85	69	21
7	240
48	41	38	208	38
166
14	6
11	125	25	56	14
28
8	73
464	287	15	42	10	20	108
102	121	111
69	85	128	75	63	223	7
124
3	12	32	27	6	11	32	6	1	4	237
12
20	115	31	1	10	44	35	9	14	15	75	150	14
2
62
4	37	93	42
75	93	88
14
473	13	5	33	16	26
9	11	22	114	12	15
43
131
1
98	29	36	29	18	8	9	35	10	27	38	32	24	14	8	23	29	18	45	31	31	47	17	63	180
240	6	311	353
82
6	105
23	124
8
63
19
210
3
24	5
1
92	108	47	48	42	186	8	24	15	90	9	91	8
270	299
320	3	9	5	258	136
72	4	53	27
13
31	425
12	50	5
49
54	7
67	40	110	14	127
535	5	86	102
14	57
66
15
1060	28	43
821	97
339
242	43
14	98	21	11	39	90	21	10	34	102	7	26
9	47
2
30
98
91
37
49
131	220
63	31
32	3	2	21	37	2
313
217
2	7	9
128	2	34
1
91	1	142	13	4	96	103	31	37	42	48	9
47
74	77
95	72	32	54	12	24	10	48	3
101
6
26
106
1	19	4
23	15	106	124	252
45	207	195	10	25	15	21
2	3
5	12
76	422
673
3
193	152	947	569	282	201	4	4	1	70	1	32
71	97
209	76	235
272
44
31	53	15	110	8	108	19	15	26	30	39	248	37	60
128	345
4	7
45	147
21
1
23
6
2
1
9
197	288
23	221	180
66	5	5	14	98
51	34	51	11	78	11	18
71	61	186
11	82	110	133	26	5	46
42	31	336
10
275	244
432
70
15	287
48	75	8	10	69
42	14	4	12
178
165	200
5	6
76
670	305	1
858
62	1
154	568
3
29
383	50	78
76	15	5
35
207	3	67
73	62	11	20	116
265
451
100
41	30	80	83
4	9	10
18	196	142
94
707	39
231	386
6
128	79	93	61	302
15	507
18
27	668
1473	14	490
178	69	5	12	1	17	32	139	5	4	26	67	30
6	124
1	2	4	2	1	2	5	1	3	10
133	95	43	3	16	163	86	8	8	82	32	294	1
5	55	47	35
296
642
28	12	10	4	22	1	22	29	77	94	13	48	102
7	45	18	19	8	7
139	119	16	24
1315	34	23	16
5
6	9	42	245
12	23	17	11	4	10	64	24	3	3	15	23	24	17	7	205	74	21
113
15	21
10	36
1	21	50	22	69	6
41	191	124
10
53
85
80
57	11
6
5	24	12	44	7	71	49	20	49	77	150
56	111	7	44	71
85
204	77	79	90	19	23	16	6	192
2	5	8
45	45	35	62	33	298	393
21	21
7
1
2	2	5
24	50	122
374
471	127
13	9	1	4	18	22	3	46
23	53	59	146	316	98
68	32
18	3	62	45	19	74	9	56	11	3
37	34
37	1	15
21	157
66
8	5
4
1525	8	22
1	11	74	46	3	1	6	1	2	440
39	80
89	79	134	10
6	18
25
107
95	128	14
30	144	31	36	5	37	105	128	34	51
9
541	142	207
22
111
43
39	222
202	10	34	154	172	121
6	4	3	2	4
427
23	28	85
113	196
204	15	241
42	435
67	174	8
25	5	13	28	37	35	93
45
44	31	151	6
249
156
458
118
749	129
70
1191	236	2415
2436
325	289	149	47
38	42	41	45
2
333	38
88
4	5	11	17
146
24
19	23
53	109	21	10	41	57	38	75
31	27	102
165	229
38	198	107
114	12	57
12	1
185
18
454	324
200	40
7	59
825	179
43	11
212	32
7	21	33	33	44
33
1341	329	54
141
38	20	2
1
49	168
65
4
133	6	57
2	24	2	24	25	26
13
45	10	61	65	651
1	1	6	23	16	1	33	9	3	8	14	48
299
39	9	45
114
149
1
40	18	64
220	51	83
2	33	128	22
219	470	230	257
181	69
21	184
67	138	6
19	16	19
43	2
9
30
355
35	168	92	102
44	75	3
4	23
21
224	7
8	79	108	176
75	4	75	48
785
50
144
259
65
7
225
3
58	48	29	111	284
376	21	72
372
21	6
22
89
1	37	79	71	5
443	52
17	46	16
163
160	96
1
20	14	29
36
25	42	14	1	13	34	2	18	17	2	13	17	14	24	20	63	23	34	3
240
70	33
185	324	269
388	293	335
55
18
237
224	1
573	64
92
700	184
901	85	134	122	81	157	30
93
315	418	417	55
1508
86	44
858	79	217
122	78
1311
1322	410
963
1
552	642	34	968	5	395
62	217
27
258
92	18
141	7	73	15
57	3	28	3	5	184	17	19
45
77
96
1
10
642
38	54	279
18	9
79
307	279
113
1	2	17
213	38	161	4
174	256	11	6
62
458	257
487	99	17	60	14	17	5	28	37	61	12	24	14	10	11	51	34	6	9	74
946
113	454	257
14	125	23
38	132	169
209
1119	8
4	8	28	56
143	280	16	23	5	75	15	50	157	91
509	17	74	113	4	84	7	44	68	1	1	12	42	86	50	31
80
195	51
26
33	35
7
98	15
997	18	3	2	2	42	10	2	14	8	1	9	1	10	58	4	10	13	1	5
1	1	2
376
16
6	123
355
208
1
5	24	4	128
22
58
379
609
1023
239	260	9	111
35	892
350
103
119
91
398
735
27
846	13	20	9
183	114	12	1178	204	255	242	170	19	79	28	212
214
2024
343
1035
424
276
130	132
5	23
237	106
279	50	19
12	49
527	253	81	3	81
819
226	5	32	39
34	65	2	227
47	12
98	262	94	401
228
20
50	667
21
302	59
64
98	282
439
25	98	39	121
53	13	74
37
39	333	742	46	18	434
304	84
9
1969	23
32	15
121	762
20
1736	71	183	5	196
206
60	149	88	83
112	31
234
24	4	62
303
6	108	89	24	38	12	3	38	16
43
15	130
2325	426
527	106	90	1	80
62	67	259	49
110	20
592	47
138	68	98	16	137	19	10	1	3	9	9	16	38	7	4	2	42	17	13	79	270	163
76	4
467	287	4	51
5
562
18
83	24
1
26
1	1
213
12	8	11	17	19	14
99	279
75
23	62	9	6	15	61	1	16	36
198	251	34
1
6	1	1
32	44	145	47	43
2
21	18	64	28	133	113
180	2	58	34
5	9
62
27
270	743	61	56
16	31
83
166	146	89	24	44	294	546	43	138
92
52
124	50	132	97	11	33	6	7	31	68	21	84	37	27
1
71
16	8	23	3	9	104	82	27
488
40	30	63
39	13	58	15
2	84	12
10	1	11	51
230
28	67	42	117
6	5	1	1	33
130	202	6	48	53
742	18
253	147
172	80
101
32
82	119	104	4	22	3	56	27	365	14
105	138
139	25	9	98
10	10	18	13	217
52	59	460
63
34
15	241
36
100	7	96	26	61
169
226
28
57
134
21
53	30	5
128
17
204	7	203
29	60	161
697
798	103	704	3
74
13
133	1
28
148
62	185	31	819
743	66	330	1425	8
46
6	120
330	340
13
745
8	6	18	9
273
575
33	24
378
602
401
947	1335
787
596	90
87	283	143
1	6	3	27	3	5	28	73	62	7	14	7	8	20	87	188	7	7	5	6	139
47
26	21	15	33
1743	1081
3	5	17
171
8	6
178	36	40	1
17	27	21
193	225	100
17	2	30	35
204	198
38	127	7
77	37	33	20	23	3	23
129	60
189	18
336	8
43	104
39	35
119	70	31
10
381	14	446
606	1
3	113	338	10	302
573	70	85
22	133
24	294	172
45	3	67
110	5
239	172
59	5	169	3	329
151	55
6
8
402
50	12	114
254	46	41
24
20	3	1	4	1
2	634
355
6	19	20	13	188	25	60	27
4	1	1	7
257	1	68
7	18
31	14	54
191	129	98	58	46
37	5
182	123
56	44
1	46	16
9
9
175	10
238
24	42	19	11
69	60	30	116	376
25
5	1
64	16	29	11	682
662	21
6
97
49	56	79
5	2
4	26	72	20	15	50	98	16	1	41	2	1	110	175	84	54
34	31	18	33	28	70	14	30
10	6	2	26	5
175
9
103
96
17
47	335
33	66	355	178
485
412	482
1705
20
173	2
283
33	1
283	226
240
894
160	92
1084	10	4	12
8
62	11
73	52
65	90	159	12	146	381	6
29
4	2	2
8
28
215	131	203
2
72	72
4	28
257	53	38	238
71	1	16	8	7	7	12	99	6	27	75	5	4	165
27	156
272
368
581
1	114
6	1199	85
1104	7	30
436	34	1205
887
889	63
1394	252	137	4	58	222	73	313
208	33
101	102	3	2	36	63	124
58	132	43
1
13	226
700	61
154	24	3	15	64
31
109
21
14	335
29	33	132	12	33	15	4	32	25	27	7	45	12	1	69	23	4	16	11	1	27	35	4	4	76	35	2	77	211
74	5	4	16	5	23
84	82	16	43	59
1
16	19	47	63	5	113	80
1
164	127	5	9	33	74	59
29	797
8
32	30	531	167
435
1591	4	444	145	13
1610	121	108	181
1707	225	124
51
706	147
12
41	74
157
359
408
20
152
330	106	48
648
158	23
478
43	319
16	58	38	109	112	9	65
23
25
36
280
226
54	132	91	138
2	1
48
20
514	19
45	81	94
72
1	201
5	79
224	56
103
6	3	5
388
197
79	79	1	59	29	10	5
148	74	69
336	51	15	21
5	478
12	6
1
2	2	34
4	10	22	3	7	22	11	67	12
45
284	266	150	79
93	369
22
30	32
8	605
101
78	3	569	8	12	47	1
29
105	477
778
7	2
21	20	3	16	7	25
36	29	5	104
283
956	989	179
148
1126	16	21	47	58	11	4
2	21
882	39	9	13	58
64
66	265	22	20	73	34	140	18	15
937
375
732	680	166	22
97
192	55	121	135
459
12
10
351
22	38
49
139
14	111	88
365	47	185	119	16	33	78
198	13	9	9
56	86	30	35	57	69
188	33	55	156
124
111	18	211	255	92	67	104	7	225	161
63
277
174	81
1	21	13
60
101	23	21	14	57
21	201
76	1	39	11	2	7	25	35	61	9	5	1	7	13	23	2	3	9	3	1	28	15	297
10	158	65
5	271	135
67	221	259
196
11
16	130
309	22
34
28
68	26
58
106
16	35	32
33	19	24	8	9	25	274
17
10	7
10	1
413	77	287	119	34	2	9	22	16	144	30	176	133	4	24	91	72	152
9	33	318
159	90	8	81
167
384	7
2	43	38	1	129	145
6
353
17
29
3
2	7
23	23	320
1	2
22	13
4	185	152	85	327
84
12
5
1	28	25
2
305	53
88	74	62	457
32
34
59	179
176
135	768	1	117
36	68	30	33	35
56
184	9	202
75	12	336	1	22	17	19	2
39
200	8
117	15
316	15	29
302	256
105
617
8	59	6	23	34	32	32	46
1
239
19	19	18
201	95
27
16	7	3
122	127
48
7	40
8	54
411
11	89	212	32
339	63
51	54	1
1	4
5	15
90
422	1
21	279	28	4	167
19	127
103	176	27	48
165	37	40	182	90
281	226
289
24	39	150	2	5	2	11	12	1
74	41
91
4	13	3	292	20
1	74	58
50
18	128
11	1	15	40	124
5
12	18
88
59	105	1	76	165	19	54
4
83
2
600	66
95	194	99	14	1	30	32	51	31
558	25
44
7	321	35	614	244	10
209	196
624	256	73
153	9
94	12
454
901
1015	1	124
496	750
2675	79
10	303
439
69
33	257	3	102	88
404
3	55	25	64	51	164	146
8	8
36	41	133	58	9	99	138	21	198
18
6	7
45
9	9
201	15
420	120	19	149
96
276	165	70	76	205	6	50	8
18	2	110
239	89
837	52	141
143	321
573
8	16	11	9	6	6	4	29
15	31	52	26	142	1	13	77	23	137	793	9
85
212
659
639	494
237	341
153
4
430	1247	149
65	56
1
33	945	203	522
28	343
104	407	166
2084
495
614	28
328
502	250	439
250
50	49	25
22
8	60
25	41	6
11
204
101
27	55
65
12	2	25
61
557	1	6	105	104	18	57
3	1	26
138
1	360
247	6
219
604	123	59	136	53
16	4	292	90	165	9	5
32
76	33
9
3
16	186	52
11
306
11
109	54	87	25	202
158	209	252
724	159	173
19	107	51
23
9
95
33	2	354
20	159	78	105	19
675	44
49	116
45
116
397
108	32	20
90	131
2	963
11
6	139	11
355
30	178
2
88
1	53	11	1	10	1	22	2	114	26
176
24	1
12
682	129	227
6	17	30	47	19	57	23	130	8	42	58	33	2	16	35	38	295
91	17	2	15	24	187	54	117	42
32
270
162
170	5	21	69
1
20	245	36	516	79	10
729
59	52	92
144	1
98	1	16
10	109	98	295
522	294	303	23
26
5
236
116	58
94
182
38	5	14
99
126	21	32
49	103	37	26	109
463
4
54
5
78	58	6
855
1153
18	1	187
316	27	130	128	79
18
50	165
24	85	40
378	263	110
343	73	48	84	17
26	185
59	97	66	13	11	21	4	11
144	50
275	126
15	56	7	28	3	63	11	189	15	47	101	18	113	66	45
115
6
309	34	62	18	100	144
839	663	9	8
482
134	315
4	31
5	1	10
281	440
628
22
347	219
844	130
100
171
30	178
152
2	152	40	55	9	45
491
949	142
72	186
813	369	76	62	7	7	300	3
30
110
157	142
198
21
537	9	8	130	99
46	20	92	66	59
99	72	10	34	11	91	48	1
67
324	83	34
41
14
322	202
119	229
689
815
199	83	139	351
229	4	8	8
172
41	11
283
237
9	70	13	316	1	14
87	48	17	91
3
39	10	7
493	1	45	494	204
252
19
74
139	43	21	58	1
51	100
344
170	272	91	121
3	24
199	310	519
15	43	50
24	22	574
11
114	1	2	17	14	120
65	93	44
112	1	48
1	6	35	20	1	11	2	11	5	7	7	1	39	6	8	6	2	3	5
222
41	217	105	58	187
56	57	203	136	29
120	351
2	44
61
719	35	872
8	25	117	61	226
7	115	82	34
12
342	34	170
275
387
11	41
52
32	82	2	27
5	41
51	182	12	217
1510
813	11
2	17
45	25	44	22	204	8
33	7
1171	194
7	4	56
3	11	38
55	23	90	1	21	37	55	4
388	216
149	2	29
360	36
13	19	40	54	16	111	125	7
224	18	1
42
4	26	111
417
263	8	88
65	148
75
9
40	122	104
1	3	57	319
45	41
1	2	7	174	28
44	50	8	439
190
12	333	48
127	10
742	100	51	46
1010
150	268
187	38
1166	89
26
15
43	340
525
1543
24
416	11	73	71	158	16	29	98	384
41	161	16
586	75	451	102
243
9	151
12	34	28	15	8	12	43	28
87
51	66
14
20	227	144	12	5	21	3	35	11	10	324
364	189	38	87	97	14	240	30	71	287	7	16
112	31	397
56	136	188	143
440	407
538	126	616
142	254
1111
121	55
69	39
66
197	60	44	240	116	53
563	107
714
205	59	125	9	17
171	26	292
763	37
233	354	218	11
251
375	8	17	32	2	18	6	21	13	6	4	33	12	380
161
29	2	1	4	10	19	90	1	19	113	12	332	169	61
738	113	107
510	165
212	38	137
356	158	469
181
878
426	48	14	5
1	27
428
55
105
19	879
776	63
15	5	1
639	1	506	231
802	11
63	191
67
430	200
580	104
337
94
26
680	8	84	73	37	47	39	28
161	129	142	99	400	46	58
124	26	46
110
765
57	65	221	21	13	9	34	62	125
511
245	81	103	11	21
170
312	42	21	174
233	20	13
1225	213	5
922	343
7
420	146	115	99
39	229
380	691	9
117	20	1	11	29	204
215
168	131
44	387
79	351
16
174
15
906	245
101	59	83	187	231
35	6	161	33	100	13
513
272	966
1
13	76	110
470	19	63	302
9	158	100
48
358	298
289
145
23	222	172	145	15	60	28
11
675	47
46	150
93
625	261	156
3	240
50
80	562
31	177	9
283
952
23
27	42
38	10	1981	13	190
27
14	3	1	13	1	9	14	7	83	12	178	1	1	3
386	134
46
115
3
214	733
150	382	423
1252	8	142
68	170	2	91
427	403	255
61
1093	3	11	6	14	8	30	9	3
383	85	137
4	12	203
16
28	46	103	98	27	29
151
50	399	2
162	252
50
610
203
102	6	41
1	493	30
285	84
54	15	42	112	20	22	1	119	133	27	40
1
109
611
73	297
70
3
14
262	13	210
4	3	7	12
229	244
230	8	152	352
25
55	11	1	73
36	110
152
767
340
73	208
160
173
115
19	72	77
74	4	182	270
22
215
1	10
15
12	67
234	273	93	512
478	392	145	15	23	15
5
156	404	11
905
209
90	49	31	16	16
3
15
123
6	18
5	46
58	180
149	107	87
2	9	10
383	11
57	7	26	9	5	7	33	62	50	57	56	182
50	3	21
12
186	145
182	426
8
23	52	10	5	65	13	7	6	9	15	13	4	7	10	20	47	8	1
9	74	129
393	96
33	520
337
373
217	70	45	10
86	128
375	655	11
361
1279	19	24
24	2	20	7
1
12
9	23	335
38	12	71
124	9	41
109	30	193	233
36
42
3	201	22	333	22	122	18	234
339	20
593	1
140	81	705	84	160
172
139	24
6
244
71
2	10	18	28	116	1	54	38
104	85	6	83
29
421	105
8	117
26	37	60
31
183	34
724	4	5
68
611	1	54
107
61
899	33	129
426	11	3	8	7	3	2	17	3	7	9	8	2	1	7	4	1	12	16	2	3	13	13	7	20	16	11	58	13	3	16	4	1	6	55	19
327	7
284	70
8	34	113	126	6	1	35
31	26
125	184
64	49
363
62
150	263	194
1036
1
212
4	28	61
285	184	177
13
24	200
1	26	4
10	279	40
15	81	54
217
404	73	283
83	22
3
191	1	47	134	62	249
114	48
288
2
1
90	1	1
28	247	322
231	2
6
13	20	35
399	59
3	9	10	129
12	49	2
40	161	3
1
181	148
38	47
3	5	2	4	309
28
8
1	12	14	18
14
22
1	64
42
326	2
29	1	1	4	1	92	40	4	1	87	37	41	42
95	220	281	123
104
80	117	111	53
312
405
37	167
14	19	47
684
22
17	4	2	16
99
27	6
1053
104
19	60	18	116	15	137
41
27
583	51
1084	184	34	72	84	18	212
1033	260	247
117	3
87	81	34
37
63	219
1102
41	8	34	2	2	88	7	3	25	146	336
52
105
457	172	11	25	119	167
8	47	21	34	176	4	134
49	34	277
83
7	1	49	42	3	114
170	23
192
59	82	49
133	124	16
7	8	2	69	43	34	114	5	64
23	139
49	415
7	351	88	303	80	33
354
8	33	48	85	26
37	6	176
373	29	24	129	53
91
181
8	37	160
379
6	21
231
22	23	1	7	10	20	33
1147	3	14	27
3	3	6	9
54	31
6	1	2	56	3
811	25
96
46	18	63
23	7	193
47	35
22	10	4	14	4	6	42	44	24	25	31	74	67	88	35	53	58	5	17	23	98
205	91
61	137
173
9	41
10	219	24	39
388	30	42	84
279	79	422
36	4	9	3
92	147	390
25	19	1	19	40	49	77	42	85
34
115
47	70	286
81	115	8	248	1	9	59	29	9
9	265	61
334	32	4
290
74	38
404
37
45
4	52	185
349
2
95	283	61	105
33
468
204
158	507	6	15	6	3	4	31	2	12	28	16
36
72	10
23
135	7
32	77	16	578
50	12	71
1334	201	83	298
21
58	2
11	9	15	6	38
372	91	15	128	150	209
29	2	3	1	2
63
25	5	64
127	137	357	15	82	99	23	41	28
80	246	40
178	28	8
68	37
32
180	106	266	2
17	5
13
167
70	65	58	143
164
595	59	1
14	75	73
21
157
402	67
160
34	85
43
124	98	488
797	50	232
33
85	195	40
126	14
35	79	87	1	124	639	16	149
7	2	1	129	42
446
5
342	49
34	166	29	118
502	12	15
112
118	2
650
1
193	171	222
64	62	161
159	279
152
4
41
353
32	10	72	7	82	9
230
48	17	175	7	22	12
7	3	8	9	8	17
17	158
61	17	131
672	34
1189
2
27
84	904
76
48
143	74	109
2	1	12	350	112
10
224	87	21
104	43	243	62	6	29
44	60	1	31	55	8
225	280	14	2	4	72	15	28	71
8	1
28	32	5	8	1	43	36	28	25	1	36	25	298	40
34
67	2	16	11	73
30	76	18	257	176	48
1
68
5
4	9
62	184
1
109	263	74
1	1	5	2	5
13
9	15	53	51	39	41	162	51	80
182	77	58	1	348
38	184
62
466	54
2	29
1
105	70	31	84	90
19	167
684
161
472
323	150
19	1	70
23	6	4	1
2	1	120	218
9	8	776
24	59
3	1
15	48
4	22	183
3	70
1	14	4	13
4
2
12	5	38
393
71	43
1001	84
515	135	15	34	339
193	593
62	390	128	16	148	2	3	1	2	11	3	220
726	8	16	135	66	15	25	24	17	133	19	15
635
795	1109
198	38	234	244
54	7
121	2	21
18	52	153	232	56	28	19	4	3
7	402
11	14	62	11	1	5	19	27	23	283	210	237	1	5	3
26	2
479
95	117	46	12	4
262
24
670
152
175	31	55
125
13	24	12
419
12	31	23	13	7
19
108	196	60	2
302	461
56	10
63	42
32	61	3	19	32	303	38
36	4	93
5	26
32
55
10	18	79
37	54	202
156	214
10
463
9	3
704	130
6
15	27	12
12	199	2
967	48
55
454
4	5	1	117	108	6	263
13
1085	111
418
83
19
14	10	23	75	40	1
49	3
23	34
89
15
13
232	14
97	43	128	23
41
6
190	48
135	54	27	64	16	50
86	65	33
41
154	62
10	74	21	71	104	26	10	14	3	92	21	2	12	3	45	6	74	53	2	17	4	234	4	94	27	195
591
26
119
6	21	33	24	8
31	22	2	8
9	100	96	13	46	2
24	158	45	6	103	20
60
101	154
83
222
3	6	216	123
126	382	246
66
3	24
39	471	10	3
11	19	13
408	22
203
37	186
663	63
11
331	43
41
455	223	110	622	154
6
170
41	711	12	105	2
552
17	107	14	56	55	9
27
57	5
23	100
37	40
11	3	1	23	12	4	75	6
19	18
22	1	21
1	4
112	52	42	25	270	8	11	1
163
75	94
34	122
30	5	76	94	19
16
3
27
114	1	10	24	207
276
402
837	193	27
28	14
46
41	86	88
25	37
48	450
39
34
188	13	167
90
783	64	42	29	34
13	8
30
53
1
135	8
39	27	25	52	53	39	69	6
297	193	76	87	117	32	32	30	109	25	240	13
1252	19	6
57
18	51	31	4	2	18	82
56	38	7	19	76	34
2	23	5	72	30	14	47
154	27	2	63
42	35
6
19
384
443	65	1	26
12	46	142	110	121
235	229
2	95	3	22	12
5	13	179
25	215
42
29	41	5	172
6
2	3	73	9	33	19	98
249
139	326	104
20
3	10	84	30	41
271	7
49
9	65	11
81	124
4
5	29
14
216	406
280
2
255	105	109	13
1523	528	8	267
2	11	12	2	1
257	818
112	177	135	75	119	86
130	2
236
311	107
33	4	3	278	9
18	176	78	45
410	1	1
169	351	38	55
52	55
138	135	143	112
11	12	19	71	43	8	2
343	603	101
24	7	67	63	332
2
8	1
32	9
145	20	15	33	217
3
20
127	40	3	30	8	7
642	24
12
37	5	48	49
125	56	86
1
50	55
421
263	166
146	20	34
937	1
12	328	84	78	55	17	59
27	8	47
24	3	238	430	104	34
142
68	168
74	26	22	35
30
1	437	48
3
22
349	48	271
1430	117	224	13
103
24	7	137
43	33	5
4	18	32	6
8	3
18	366
6
84	33	26	70
60
185
317	48	201
488	2	9	73
52
42	24	96	46
628	7
124	2	3	67
21	115
1319	35	6
31
166	18	3	79	144	155
253
339	112
595	63	25	85	31	26
18	43
13	22	11	5
126	11
31	31	5	138	12	5	37	16	15	21
3	11	11
13	13	1	65	10	408
208
125
54	43	66	125
2255	185	187
951	1215	186	18	6	6	22	13	7	6	7	16	27	278	182
21	306	8
28	16	68
13	119
14	10
249	219
37
24	117
76
24	23
227	32	571	125
171	220	249
695
106
98
628	158
159	175
19	201	22	27	11	5
60
13	13
83	84	131
47
14	113
50
67	521	57
20	13	44	33	40	312	14	356	202
3	14
8	6	1
174
69
71	246	427	16
169
15	1
19	1	53	4	1
49
1523
1429
17	4	43	131
253
653
1
15
1	9	258	1
40	55	38
4	1	97
2
19	81	133
66	90	6
21	4
48	293	2	5	9
118
448	4
19	14	160
21	5	109	92	203
3	132
527	88
224
145
147
2	133	42
12	9
155
3
6	119
7	2	110	5	11
259
1199
1535	102	201
1994	664
148	191	680
75	14
1	3
70	56	47	40	21	33
74
57	240
5
305	20	119
110
1	1	1
179	33	9	58
17
268	120	165
20
127	188	58
47	43	405
220
142
32	13
194
124	225
41	98
90
768	9
195
14
45	67	111
90
364
354	18	23	123	180
1264	397
304	19	39	54
254
152	74	55
4
17	17
22
1	126
183
121
110	23	19	55	23
21
7
33	124
18
78	99	72	184	74	31
17	121	10
1
507	19	7
120	450
10
31	584	8	70
1
3	90
358
416
67	207	201
175	124	47	139
5
203	14
36	279	32
28	45	25	37	57	178	25	69	3
397	13	50
33
242	97	94	233	48
32
310	51
137	2	1	11	3
42	5
4
1	14	26	1	2	1	3	8	22	47	1	20	21
289
32	12	58	13	17	8	83	9	71	132	7	18	2	30
145
278
181	32
401
4
516	35	3	86	11	57	60
24	47	39
26	41	99	56	32	283
4
162
18	62	19	16	27
34	75	159	74	74	66
61	17
121	75	67	383	16
42
11
1	261	16	113	51	1
169
38	85	26	187	9
111
546	17	50	10
133	42
138
79	126
174
721
103
91
26	4	366
11
120
22	10
17
877
2	6	106	138	46
267	157	357
96
20	33
25
7
18	7
16
65	6
76	7
87
33	683
59
50
14	130
1	93
131
3
103	22	11
523
41	2	72	81	32
42	63
168	211	66	28	123	215
249	422
80	298
32	493	485
41	106
911	8	4	93	35
32	43	24	4	23	25	58
18	282	33	65
115
55	91	152	95
1	368
24
17	1	14	53	304	9	2
36
352	4	129	138	2
31	3
2	60
40
54	2	4	2
252	33	440
342
66	83	5	1
1	4
8	621	179
26	306	40	5	17	105	57	48
20	78	57	63	803
180	69	88	539
317	93
10	92	108
198
89	26
3	25	36	14
30
265
412	4	97	15	29	5	199
412
129	36	9	15
66
212
50
2
1	6	33	161
43
303
64
8
18	115
3	1	2	112	1	2	31	38	47
303	20	126	23	2
1039
83	189
66	10
260	32	136
45
266	68	2
33	10
113	41	134
37	20	82	193
46	11	24
23
13
3	42	25
1
106
3	51
860	8	2
18
99	181	6	4	1	153
105	71	37	27	21	65	74
106	30
323
84	4	285
927
45	35	24
21
37
126	2	17
217
20	96
7	3	120	91	424
14
1	87	7	5	7	28
211
688
136	3
5	116
100	194	98
449
549
442	81
1163	15
162
349	174	7	201	132
108	79
23	59	2	29	35	7
14	291	45
332	39
3
9
122	107	68
22	195	70	280
134
248	25
290
117
93	32	35	118
429	132	9
522	19
85	30	139	13
63	1	83
12
295	8	5
114	264
37
51	20	4
103	4	14	33	14
37	45
13
6	2	4
127	91	63	127
15	21	14	56	14	23
43
265
7	2
414
6	7
164
176
34
809
217	1
245	160
40
2
10
423
23
8	3	3	7	11
21	182
150	244	109	8	38
6	35	23
67	731
483
430
14
46
376	28	6
573
139
68	447
6	7	2
21	35	28	51	26	51
101
15
826	11	13	124
9	67
41	122	295
70	6	6
7
187	320	39
86	46	33
163
30	32	34
1
196
84	570
54	78	2
28	54	21	48	253
22	7
379
4	3	67
1	607
830
99	46
464	1	4	45	73
118	68	64	282	105
150	381
218	289	210	65
69
109	26
22	110
29	31
139	56
9	302	53
10	6	34
30	36
2	98	44
8
175	56
77	270	67	458	50
43	16	23	10	138	87	191	7
20
35
1	11	3
147
201	134	259
63	21
85	13	18
207	144	28
338
334
142	31	27	29
32
72
367	368
1209
146	8	55	14	68	106
305
79	362	63	175
52
20
83
13	5	1	4	7
17
3	14
28	16	5	68	118
38	125	7	22	2
22	24	127
28	55	214
15
624
6
57	206	6
162	383	23	108	23	21
177
190	15	149	11
3	10
64	83
140	398
43	132
52	26	152	87
148
1	8
5
87	29
40	48
5
14	212
16	326	70
58
76
131	15	126	17
306
358	55	195
161	63	198	55
18	15	39	39	11	495
83
7	3
16	6	175	47
70	22
33	10	285
1574	115	26
42	527
119	41	227
154	7
127	16
304	223	73	32	43	59
15	21	9	50	20	10	13	13	8
148	118
505	33
211	230
94
22	34	6	73	5	60	26	6	38
241
126	102
1391	70
179	175
10	43	32
75	245
42	232
7	22	101
12	12	17
32
9
345	7
1
3	60	23
17	178
69	79
52	141	44
143
237
5
39	34	7	56	14	7	223	9	53	13	27	14	5	2	1	2	4
190	30	159
331
6	31	28	62
336	163	341	509	120	530
97	77	161	371	120
314	156
72	163	105	53	101
95	63	41	115
209	5
41
3
63	4	133
74	81	70
28	7
110	174	141	28
8
24
12	443
35	1	11
16
32	22	8
26
4
1
67
195	67	86	54	84	12	16
45
20	6
298	246
3
263
160	452
42	56
297	35
275	80
2	161
97
39	252
1	4
380	1021
143
26	29	14	93	170
86	153	5	4	266	204
72
2113	161	63	84	55
385	143	62
197
16	188	67	98
63	104
392
50	14
9	77	15
4	8
1499	46	32
3
8
52	111	30	70
88	313
33
8
453	17
102	8	15	20	90	70	98	182
52
327	75
142	131
22
116	11	137
156	6	11
1343	20	43
6
10	436	35
2	41
910	77
134	77	328	19	71	61	106
13	54
613	1	1
4	217	197	71
8	28
8
1	21	59	4	49
1259	43	116	363
23	25
10	70	108	31
49	12	95	287	2
2	1	43	3	10
1
26	2	28	23	20	12	295
263	203	1
40	127	302
37	49	57
115	32	417	34	93	75	27	31
605
29	7	7	12
13	4	3	10
62
87	8	40	23	38	180	30	2	12	7
79	48
19
104
8
120	101	24
709	267	12	72
1252	229	6
266	153
313	337	183
9	291	194	267	88	4	22	4	49	42	6	41	11	98	13	15	147	126
664	215	85	378
698	206	586
744	317	4	217
16	7	93
129
4	239
41	291	11
27
24
371	240
15	98
105
13
515	131
261	3	13
112	52	158	32
2182
17	4	159	212	5
108	40	198
13
79
42	199
456	24
29	493
6	29
108
717	56
39	126
30
29
47	8	463
60
10	8	93
3	6
208	10
207	9	57	49	299	96	6
16	39	132	123	76	17	36
66
17
172
3	10	1	61	14	30	333	42
33
1	76	3
100
96
92	12
7
8
41	42	10
217	2	51	144
10	1	15
214
88	141
53
2	16
2	4	12	2
42
15	40
11	44	23
16
474
31	108	19	34	55	1
8	91
51	211	39
117	59	222
1096	1	4	94	74	89	143
1265
72	181
133
245
58	87	154	37	9	51	270
252
209	1	47	13
3	8
36
283	87	35
173	8	39	31	28
154
14	3
33
18
243	831	178
315	719
597	127	15
155	161
5	246	9
704	32	23
558
47
2	147
1
1	5	22	36
132	76	46
16	13
156
168
9	133	18	57
91
19	369	54
9	16	15
109	112
27
11	164	15	21	5	1	11
1292	11
25
20	25	38	33	67
28
72
391	12	34	63	100	34	134
171
32	4	5	106
6
492	1
34	170
182
27	181	25
61	22
115	78
111
181	131
173
13
71	52	13	72
132
48	8	161	33
49
171
32	189	13	33	3	12	1	26	18	31
78	5
395	58	24	90	97
2
92	316	179
1	52	13	20	47	110	3	16
87	79	17	2
228	181
32
37
137	465
508
3
32	28	1	17
122	191	24
133
21	70	413
2
182
96
288
41	123	2	35
1009
4	91
29	3	39
24
17
98	169
29	182	199	140
8
3
209	224
9	41	72	3
263	250	86
1	138	335	21	38	16
6
79	96	18
356	82	15
273
42	124	47
35
30	88	174	33
1	7	71
1
100
6
178	27
29
77
1
540
387
3	13
171	202	62
42
5	132	7	21	19	31
10
15
177
55
90
131	33
33	200	94	61	8	1	46
87
9
69
62
44	1
4	1	5	21	1
49
205
63	161
507	203
4	220	22	189
466
3
130	14
14
6
5	1
73
9	11
101
132
81
1	45
121
22	175	39	38
8	242
69	244
1
45
2449	144	4
63	14
50
12	29	3	4	2	20
171
26
11	36
176
7	25	35	45
2	203
380	28	59	13	129
22
73
168	1	183
168	33
6	2	2
10	9	99	15
186	34	67	220	91	15	140
15	527
6	47	37
95
42	102	122	13	51	169
55
46	29
21
216	12	47
51
44
24
187	301
28
44
113	238	71	32	94	79
2	196	113
227	28	145	171	33
395	6
130
23	1	17	9	21	4	4
230	31
1	7
29	5	429
73	12	118
63	91	48
7	18
28	35	110
352
285
75
237	19	42	141	202
96	232
1	1	467
53	1	192	11
5	9	1	3	3	46
60	71	24
17	581	6
106	60	157
199
478	42	6
21
64	19	49	124
225	2
73
31
160
39
3
95
26	155
1	17	5
5	12	17	19	27	9
49
72	9	34	13
46	2
265	260
109	46	25
142
613	76	281	26	175	227	22
32	177
14
88	15
27	8	37	50	82	2	27	18	44	47
21	175	56
46
32	78	55
1	248	6
171
3	9	7
14
335
267	59
77
6	58	50
47
21
171
29
242	1	4
260
9	12
3	2	12	11	44	19
24
6	41
98
95	107
197
1	7	12
3
237
39	394	83
1
1
145	6	15	16	219	31	6	11	21	63
14	102	50
126	275
649	74	90
47	179
172
37	14	9
9	13
1	45	40
309
43	54
151	524	46
38
37
41	3	75
98
207
95	101	103	53
345	115
65
299	257	8
289	51
374
5
2	9
29
46	213
19	24
24
14
172
7
39
195
34	18
91	76	3	269	10	35	105
15	144	3	34
290	100
16
39
197	11
17	23	54	8	68
54	255
195	72	401
107	11	127
24
102	3	555
11
58
26
8	26
126
16
8
6	39	112	302	11
114	4	27
26	8
42	342
47	279	364
38
4	132	328
511
154
29
14	38
252	1
1
107	311	46
9	116	114
434
5
66
41
36
41
1
20
34	26	8	198
40	144	62
113	29	56	148	198	17
56
24	112
65
21	2
35	63
146	57	513
26
384	1
7
54	169
30	7	118
23
334
82
123	52
35
23	58	243
8	29
81
2	54	10
134
75	45
239
368	196
949	169
6	28
2	657	10
306
164	7
2
62	11
3
96
154	236
383
24
869	29
1
137
1	6
78	1
247	12
5
102	1
5	124	154
171
17	51	1	11
44	44	96	9	5
68	49	103	19
162	92	33
2
111	184
56	146
98
91
860	75
27
19
169	101	53
76
18
13
52	16	13	35	50
51	131
18	21
57
33	79
205
54
125	32	440
83	19	23	12	4	23	166
78	67
25
124	25	12	4	7
293
35	14	29	17	11	4	9	14	1	7	66	49	34
196	6	4
207	76
29
338
84
3	11	6
1275	9	49	10	78	36	12
58
132	17	119
150
382	57
253
222
54	37	275
89	14	46
1	66	75
1	4	9
15
90
8	42
35
33
127	102	12
49	21	117
13	129	216	193
77
15	584
485	499	143	392	152
13	47	62
39
265	349
71	92
198	1
61	15
111
205	10
544
130
7
36	230
10	1	8	2
15
22
35
447	104
8
95	15	180
39	27	166
6	15	80	29	17
88	22	9	18
127	1	8	192
117
159
233	122	112
191
53	112
30
32
87	155
476
59	2	34	79	135
72	512
31	37	109
2	754	33
251	1
7	82	168	254
112	423
120	80
27
183	4	57
1	6	17	11
35	210
9	106
73
27	276	24
1	1
137	645
339	6	20	94	1	47
5
84
5
84	60
574
27	2
233	105
4	30
89
28	393
92	11
11
347
57	84	278	2	235	2
55
660	44	9	153	78
149	229	101
12	143	59	12	65	37	2
323
382	112	77
9
97
148	119	39
12	31	5	14	21
218	2	262	180	257
168	76
379	75	68
73
3
83
12
10
68	67	384	4	51
137	13	117
31
6	59	45	61	170
382
86
1
59
434
5	15	44	4
33	7
213	37	8
148	2	204
577
3	32
60
55	356
476
123	327
54
30	35	5	180	7
491
45	80
9
62
132
32
22	1	26	155	88	108
169
5	14	45
125
208	292	27	5	79	104
91	292
128	33	138	477	197
64
424	10
177	217	12	16	3	353
366
148	8
788
104	408	288
39	5	55
608	465	2	131	67
43	95	128	55
414
742	401
20	21	5
84	123
54
284	268
104	45
2	23	24
6	138
71	115	70	6
1	84	9
26	2
32	18	36	5	4
121	19	158
21	256	104	54
327
35	27	77	154	8
7	75
133	33
420	87	130
43
250	1	36
24	32	13	17
8	4	13	1	6	17	22	24	9	5	8	1	5	1
80
86	36
386
93	336
3	46
40	276	102	9
32	23
487	164
4	319	3	2	1
54	171	270
76	23	59	2	52	12	139	44	43	38	3
671
6	200	38	76	37	28	14	3
289
1
14
69
28
54	61
30
43
12	263
95	23	21	217
96	65	115	89
115	162	77
4
28	230	64
10	25	23	432
448	149
125	273
104
1	9
12	33	199
41
275
49
164	86
61	26	1	194
1	55
69
41	16
177
41	22	7	122
1	476
367
76	121
20	8
2	5
127	132
290
15
26	130	7	57	170	68	81	31
24
249	47	115
12	216
12	15	36
195
41
9	1	540
1250	52	131
72	3	13	1	105	22	12	33
24
33
145	97	105
12	52	5	1	5
352	20	146	3	6
25	78
88
96
1	3	3	4	10	6	16	8
7
8	5	6	47	36	21	18
22
88	85
188
498	34
121
394
76
27	225
85
947	32	375	13	83	41	124	53
98
23	130
11	106
6	51
321	137
87
31	164	112	148
23	23	24
26	27	32
48	42	10
92	271
260	68	32	238	10	58	38	29
28
783
5	99	85	28
21	6
26	2	4	15	5
357	3
109	279	155
71
149
16	218
25	134
98
134
13	87
59
25	9	141	99
345
72	11	21
334
156
133
112	2	106	113
9	3	77	443
7
5	13
229
500
93
24	16	8	31	4	69	19	76	246	3
55
71	5	271	7	35
821	68	3
47	373
1
58
420
1
68	9	4	66
402	206
148
84	56
74	3	4	152
23
13
419	5
16	67
26	266	284
160	199
31
188	144
302	38
15
83	24
1	70
50
27
59	16	28	2
60	44	246	102
371	1	183
3	2
13	285
262	115
39	71
54
19	12	81	84	49	22
682	23
1529	119
36	31
308	75
2	12	21	250	157
56
2
160
6	90
8
193
17
38	18
140	49
125	157
61	150	10
34	91	15
233
41	11
7
30	73
131	216	2
466
40
409	104	180	20	64
34	54
196	173	1
238	6
14
87	99
161
51
3	16
8	17
48
314
1
7	315	12
59
11
18	165
13	14	13	184	143
721	82	10	151
9
235
41
32	7	223
140	4	28	18	25	17	4	161
10	2
152	375
82	156	135
246
941	22	311	15
7	284
181
332	110	20	17	119	103
85	498	46	100	46	1	61	41
12	6	20
166	320
1
225
23
8
13
9	6	1	145	207
12	105	4	1	13	30	8	2	7	15	11	3	1	4	8	6	24	134
36
107
186	55
94	89
131	13
119
1	449
49	47	86	153	101
62	70	140	41	137	33	79	26
207	126
321
400	337	13
6	321
114	65
881	24	20	1	308	35
1028
261	3
1	16
128
118	20	1018
896	659	121	1	42	239	188	301
848
11
8
121	570	10	148
517	14
49	12
66
48
43	50
220	24	8	42
37	15	82	27	58
15
104	128
187	55	148	27	3	23	31	7	584
335	14	80	4	13
102	95	8
202	69	28	6	2	29	92	25
214	19	28	61	4	95	91	2	4	12
33
478
80	6
85	88	32
334
36	189
19	55
33	9
7	288
341	8	53
36	37	29	169
3	2
70
72	91
1	434	147	153
8
114	25	36	58
90
58	180
7
4	1
19	269	265
1103
2
222
75
41	90
8	132	94
36	416	131	36
30	59	105
9	10	7	2	17	4	9	9
22	15
2
14
108
5
39
3	12	12	2
144	634	155
198	17
203	53	59	18
80	83
19
10
60
13	53	25
49	29
45	137	18
203	3
256	4
55	56
63	54
35	19
315	1
13	25
25	16	340	285	34
163	54
7	255	6	45
1017
230	4
298	255	40	36
98
32
7	4	7	11
25	21
120	535
31
135	386
78	99
11	22	4	31	174
2	47	54
69
94	22
241
20	3	51	77	163
1504	8	10	4
55
97	217
86	55	196	109
201	85
19
122	118
8	133
251
275	420
112
608	40	13
11
236	53
82	3
21
49
62
56	139
41
7
715	27
61	18
24	73
36	15
12	10
464
458
24
252	92
70	1	6	95	27	24	148	25
182	28	13	27	88
255	56
64	1
111
282	35
70	90	65
88	153	113
137
97	6	48	44
13
331	135	729
65
2
46
61	128	89	5	208
40	81
10
7	32
110	22
1	7
280
10	434
277	85
97	64	182
2
6	606	142	5
1	168
265	47	72
840	4
61	86
158
1
217
35
1362	181
160	25
10	355
1	4	1	1	5	1
1	207
324
6	18
71	63	309
178
1	50
93
154	22
145	61	50	35
19
130
11	10	24	20
958	4
46
3	37
8	39
12	132
44	66
31
130	40	39
6	223
76
46
179
62	33
33
31
1	191	33	53	138	17	10	20	40	2
159
177
241
87	43	55
51	125	191
2
3
3
488	268
6
208	39	74	65	96	90
206
72	36
128	287
153	64
296
117	175
1012
35
16
7	13
181	1	5
358
179	105	168
6
8
20	58	47
104
85	3
112	18
11	7
159
60	87	191
254	408
20
40	332	399	1
36
602	124	66	11	212
6
126	39
18	1	57	35	36	6	201	51
329	138
324
382	51
134
46
521
53
22	4
1	73	37	248
44
28	16
168
1
205	26	73
39
59
94
216	263
21
8
3
1462
8	31	25	8	16	112	81	108
61
5	75
33
284	5
622
155	28	87
5	89	5	6	115
55
10	17	16	20	27	49	38	14	89
199	209
34
28	23
917	23
289
25	71	261	291
174	508	17
3	51	13	101	37	19	22
9
72
34
57
187	68	35	91	12	52
502	52	389
12	209	9
4	454
12
336
26	33
14
30	16
91
60
74
134
520	11	431
161
434	3
63	10
10
150	142	299	202
346
52
5
38	308	382
40
22	23
118
620
153	19
95	28
180	92
83	26
30
142	3	111
22
1	52	5	47	44	19	75
85
27	34	329
26
204	33
101	5	35	49
13
24
8
110
222
143
163	25	31	119	90	34	4
58	8
82	4
34
71
21
31	7
101	79
16
85	99
7	14	21	47
27
13	25	16	17	75	62
16
62	52	121
43	23	3
1	28	154	10	344
468	8	60
7
4
147	167
7
277
31
504
20	124	123
176	179
13	4
18
466
16	26	126
131
15
5	48	25	86
4
387
46
209	12	24
42	236	16
160	14	22
259
35	27	14	63	123
4
30
207	2	15	27
22	37
19
217
69
73
32
20
2	10
50	38
15	73	229
210
37
14	2	7	81
31	96	1082
431	81	2	3	6
189	52	237
500	15	2	11
1
14
261	44	21
3
37	9
292
126
5	43
64	323	104
3	3
192
165
17	99
951
148
102
5
29
96
44
15	32	29
1
633	47
111
6
43	6	22	50
4
13	23	2
81
3	47	10
438	50
371	25	491
63	42
98
101
53	81	284
31
34	35	4	101	192
17	235
111	21	32	54	86
162
21	81	109
58
165	6
9	26	154
696	48
16	45
225	56
222	30	46
17	6
4	168	501	5
12
5
10	47	4	17
35	110	78
7
48	263	159	43
23	3	176
41
21	48	67	129
1	2
7
87
80	25	445
8
15	12
75
447
44	89	19	135
41	153	151
27
20	1	75	127	50	93	217
150	327
8
2	25	6	7	3
39	18	1	65	61	7	115
1	188
54	4	158	388
75	124
765	389	36
161	42
55	48
5	5
32
2	54	135	340
648
5	8	45	25
224
760
17
3	24	105
5	77	8	3
79
41	4	36	96	16	16	1	20	11
11
7
7	117
85	170
9
10
261
30
33
42	201
427	249
8
4
1
9	33
55	11
475	54	49
22	129
116	78
24	28	45
107	30
71
16
88	129
71
29
1
17
7	133	78	1
48	16	131	50	12	4	14	24	32
66
21	291
543
287	107
20
321
301
113	113	94
49	17	44	9
4
20
3
21	16
273
512
68	36
194
229	5	115
6
104	6
5
39
152	52
23	34	35	24
29
25
48	49	158	122	451
70
182	34
94
7	7	19
36	4	3	30
37	30	15	431
127
61	14	9
85	8
12
117	43
41	29	11
10
8	1	13	2	2	2
8
204
82
363
34	184
3	86
8	47
62	21	13	33	21
21	624
5	37
29
76	11
43
20
99	40
13
153	204	208	35
37	15
47
11
13	12	7
315	6
173
4	2	138
1
504
2
1202	144	29
41	4
1	237	204
366	5	44
46
32	296
54	27	273
199	1
97
140	30	45
84	4
169	162
4
72	133
1	36
2	46
129	82	1
222
21
96	116
39
1
5	3	4	28	6
91	231
172
19	17	230
837	248
80	128
4	8	3
81	12	310	129
80
143
410	261
455
178	14
88
37	24
73	7
79	115	12
32
56	47	48
12	256
5	42	153
45	303	27
24	4	595	12
374
372	119	1	265
157
25	109
212
5
554
8
77	101
14
10
111
74
216
7
154	48	49	42	306
58	148	71
242
21
1503	30
66
25	177
9
904	62	52
143	38
95	120	39	24	95
1	3	5	66
13	8	42
166	105
11	119
325	38	16
105	112	170
119	61	8
1	5
41
157
27
12	197
137
91	194
32
288	26
76
14
19
17	217
6	181	61
3
151
11	101	46	99	37
39	156	57	3
408	8	14	108	64
21	32
289
33
22	39	89
20
342	126	49
175	4	113
1	25
74	32	332
777	8	9
35
58	7	1
3	56	19
20	48	128
121	64	299
6
15	195
638
163
17	195	153
38
214	6	21
301	8	112	5	62
188
30
13	2
8
261
21	26	47	97	43
266	200
416	51	95
72
8	2
6
164	6
28
1
8	51	32	53	25	24
38
267
324
86
30
6	67	95	43	35
66	81
23	9
54	1
293	76	49
174	43
202	196
55	553
206
120	111	3	127
357
1080
2	7	14
4	3	12	5
43	106
21
37
62	204	7
146
146	1
87	38
1	45	4	27	81
164	19
155	1	34
62
296	36	138	61
159	116	15	86
11
565	91
99
2
188	216
52
518	23	89
85	92
31
35	8	757
249	3	58	19	195
119
44
213
968	263	27
19	139	30
11	1145
14
1429	1170	201
1
15	1
96
184	298	32
99	231	110
43
319	36
32
224
189
134
1
409	122	189
36
232
42	159
358
8	25
38
2	9	6	15	14	11	181	17	5
21	268
2	3
21
60	169
11
285
202
297	451
314	270	772
1382	110
114	389
325	1
14
265	19	3	7
1	7	2	63
24	9
764
520
21	19	302
9	7	85	60
49	56
89	6	17
101	44
42	70
381
1
26
27	7	69	7
1206	203	74
99	64
8	372
390
7	136	3
43	51
596
17
126	67
159
104
287	127	35	175
201	78
12
33	29	5	3
5	40	44
76	340
31	39
285
349
51
81
12
176
116
125
16
100	53	253	26
84
108	57
2
21	18
94	7	3	39	6	5
59	3	101
274	1	82
139	291	6	100
14
738
63	282
22
46
7
1
90
30
23
9	7
192
126
58
347
45	143
6
32
300	160
2
22
115
236
116
10
73	71	62
13
22
113	28
119
731	1
78
17	47	7
1	32
17
1
41
26
14	55	13
18
33
165
22	370
236	63	6
191
46
11	7
76	14
96	70
16	1	4	5
792
28
289	134
168
31
52	256
17
119	44	6
20	5	7
119
219	6	310
2	99	45
139	125
493
94
188	116
31	4	3
38	260
23
20
48	29
30	22	53
331	29	40
72	109
29
17	76	31	27
363	7
86
68	7
37
10
413	65
8	263	170
190
2	6	14	41
88	10	44
62
7
306
20
138
46	12
403
1	2
89
10	48
9	27	24	24
2	2	6	12
42
55
43	10
65
48
19
257	5
2	3
